COM3
2023-09-15 20:25:20
00010
0700190007001919070019190700191907001919
0000000000
0700190007001900070019000700190007001900
0000000000
220920232209202322092023220920232209202307000700070007000700
0700190007001900070019000700190007001900
0000000000
290920232909202329092023290920232909202307000700070007000700
0700190007001900070019000700190007001900
0000000000
061020230610202306102023061020230610202307000700070007000700
0700190007001900070019000700190007001900
0000000000
131020231310202313102023131020231310202307000700070007000700
0700190007001900070019000700190007001900
0000000000
201020232010202320102023201020232010202307000700070007000700
0700190007001900070019000700190007001900
0000000000
271020232710202327102023271020232710202307000700070007000700
0700190007001900070019000700190007001900
0000000000
031120230311202303112023031120230311202307000700070007000700
0700190007001900070019000700190007001900
0000000000
101120231011202310112023101120231011202307000700070007000700
0700190007001900070019000700190007001900
0000000000
171120231711202317112023171120231711202307000700070007000700
0700190007001900070019000700190007001900
0000000000
241120232411202324112023241120232411202307000700070007000700
0700190007001900070019000700190007001900
0000000000
011220230112202301122023011220230112202307000700070007000700
HH:MM:SS MO/DY/YEAR LED01 PIR01 LED02 PIR02 LED03 PIR03 LED04 PIR04 LED05 PIR05
20:26:00 09/15/2023 00000 00000 00000 00000 00000 00000 00000 00000 00000 00000  
20:27:00 09/15/2023 00000 00000 00000 00000 00000 00000 00000 00000 00000 00000  
