COM7
2024-01-03 21:36:41
000000
070019000700190007001900070019000700190007001900
000000000000
070019000700190007001900070019000700190007001900
000000000000
100120241001202410012024100120241001202410012024
070007000700070007000700
070019000700190007001900070019000700190007001900
000000000000
170120241701202417012024170120241701202417012024
070007000700070007000700
070019000700190007001900070019000700190007001900
000000000000
240120242401202424012024240120242401202424012024
070007000700070007000700
070019000700190007001900070019000700190007001900
000000000000
310120243101202431012024310120243101202431012024
070007000700070007000700
070019000700190007001900070019000700190007001900
000000000000
070220240702202407022024070220240702202407022024
070007000700070007000700
070019000700190007001900070019000700190007001900
000000000000
140220241402202414022024140220241402202414022024
070007000700070007000700
070019000700190007001900070019000700190007001900
000000000000
210220242102202421022024210220242102202421022024
070007000700070007000700
070019000700190007001900070019000700190007001900
000000000000
280220242802202428022024280220242802202428022024
070007000700070007000700
070019000700190007001900070019000700190007001900
000000000000
060320240603202406032024060320240603202406032024
070007000700070007000700
070019000700190007001900070019000700190007001900
000000000000
130320241303202413032024130320241303202413032024
070007000700070007000700
070019000700190007001900070019000700190007001900
000000000000
200320242003202420032024200320242003202420032024
070007000700070007000700
242424242424242424242424242424242424
242424242424242424242424242424242424
242424242424242424242424242424242424
242424242424242424242424242424242424
HH:MM:SS MO/DY/YEAR LED01 PIR01 LUM01 LED02 PIR02 LUM02 LED03 PIR03 LUM03 LED04 PIR04 LUM04 LED05 PIR05 LUM05 LED06 PIR06 LUM06
21:38:00 01/03/2024 00000 00000 00994 00000 00000 00994 00000 00000 00995 00000 00000 00994 00000 00000 00994 00000 00000 00991  
21:39:00 01/03/2024 00000 00000 00995 00000 00000 00995 00000 00000 00995 00000 00000 00995 00000 00000 00994 00000 00000 00992  
21:40:00 01/03/2024 00000 00000 00995 00000 00000 00995 00000 00000 00995 00000 00000 00995 00000 00000 00995 00000 00000 00991  
21:41:00 01/03/2024 00000 00000 00995 00000 00000 00995 00000 00000 00995 00000 00000 00995 00000 00000 00995 00000 00000 00992  
21:42:00 01/03/2024 00000 00000 00995 00000 00000 00995 00000 00000 00995 00000 00000 00995 00000 00000 00995 00000 00000 00991  
