COM8
2024-01-24 17:21:23
000000
070019000700190007001900070019000700190007001900
000000000000
070019000700190007001900070019000700190007001900
000000000000
310120243101202431012024310120243101202431012024
070007000700070007000700
070019000700190007001900070019000700190007001900
000000000000
070220240702202407022024070220240702202407022024
070007000700070007000700
070019000700190007001900070019000700190007001900
000000000000
140220241402202414022024140220241402202414022024
070007000700070007000700
070019000700190007001900070019000700190007001900
000000000000
210220242102202421022024210220242102202421022024
070007000700070007000700
070019000700190007001900070019000700190007001900
000000000000
280220242802202428022024280220242802202428022024
070007000700070007000700
070019000700190007001900070019000700190007001900
000000000000
060320240603202406032024060320240603202406032024
070007000700070007000700
070019000700190007001900070019000700190007001900
000000000000
130320241303202413032024130320241303202413032024
070007000700070007000700
070019000700190007001900070019000700190007001900
000000000000
200320242003202420032024200320242003202420032024
070007000700070007000700
070019000700190007001900070019000700190007001900
000000000000
270320242703202427032024270320242703202427032024
070007000700070007000700
070019000700190007001900070019000700190007001900
000000000000
030420240304202403042024030420240304202403042024
070007000700070007000700
070019000700190007001900070019000700190007001900
000000000000
100420241004202410042024100420241004202410042024
070007000700070007000700
242424242424242424242424242424242424
242424242424242424242424242424242424
242424242424242424242424242424242424
242424242424242424242424242424242424
HH:MM:SS MO/DY/YEAR LED01 PIR01 LUM01 LED02 PIR02 LUM02 LED03 PIR03 LUM03 LED04 PIR04 LUM04 LED05 PIR05 LUM05 LED06 PIR06 LUM06
17:23:00 01/24/2024 00001 00199 00994 00001 00000 00994 00001 00199 00993 00001 00199 00993 00001 00025 00992 00001 00039 00993  
17:24:00 01/24/2024 00001 00199 00995 00001 00000 00995 00001 00199 00995 00001 00199 00995 00001 00000 00995 00001 00000 00995  
17:25:00 01/24/2024 00001 00199 00995 00001 00000 00995 00001 00199 00995 00001 00199 00995 00001 00000 00995 00001 00000 00995  
17:26:00 01/24/2024 00001 00188 00994 00001 00017 00994 00001 00185 00994 00001 00199 00994 00001 00000 00994 00001 00000 00994  
08:00:00 08/00/2138 00001 00199 00995 00001 00000 00995 00001 00199 00995 00001 00199 00995 00001 00000 00995 00001 00000 00995  
08:00:00 08/00/2138 00001 00199 00995 00001 00000 00995 00001 00199 00995 00001 00199 00995 00001 00000 00995 00001 00000 00995  
08:00:00 08/00/2138 00001 00199 00995 00001 00000 00995 00001 00199 00995 00001 00199 00995 00001 00000 00995 00001 00000 00995  
08:00:00 08/00/2138 00001 00199 00995 00001 00000 00995 00001 00199 00995 00001 00199 00995 00001 00000 00995 00001 00000 00995  
08:00:00 08/00/2138 00001 00199 00995 00001 00000 00995 00001 00199 00995 00001 00199 00995 00001 00000 00995 00001 00000 00995  
08:00:00 08/00/2138 00001 00198 00995 00001 00000 00995 00001 00199 00995 00001 00199 00995 00001 00000 00995 00001 00000 00995  
08:00:00 08/00/2138 00001 00198 00995 00001 00000 00995 00001 00199 00995 00001 00199 00995 00001 00000 00995 00001 00000 00995  
08:00:00 08/00/2138 00001 00198 00995 00001 00000 00995 00001 00199 00995 00001 00199 00995 00001 00000 00995 00001 00000 00995  
08:00:00 08/00/2138 00001 00198 00995 00001 00000 00995 00001 00199 00995 00001 00199 00995 00001 00000 00995 00001 00000 00995  
08:00:00 08/00/2138 00001 00198 00995 00001 00000 00995 00001 00199 00995 00001 00199 00995 00001 00000 00995 00001 00000 00995  
08:00:00 08/00/2138 00001 00198 00995 00001 00000 00995 00001 00199 00995 00001 00199 00995 00001 00000 00995 00001 00000 00995  
08:00:00 08/00/2138 00001 00198 00995 00001 00000 00995 00001 00199 00995 00001 00199 00995 00001 00000 00995 00001 00000 00995  
08:00:00 08/00/2138 00001 00198 00995 00001 00000 00995 00001 00199 00995 00001 00199 00995 00001 00000 00995 00001 00000 00995  
08:00:00 08/00/2138 00001 00198 00995 00001 00000 00995 00001 00199 00995 00001 00199 00995 00001 00000 00995 00001 00000 00995  
08:00:00 08/00/2138 00001 00198 00995 00001 00000 00995 00001 00199 00995 00001 00199 00995 00001 00000 00995 00001 00000 00995  
08:00:00 08/00/2138 00001 00198 00995 00001 00000 00995 00001 00199 00995 00001 00199 00995 00001 00000 00995 00001 00000 00995  
08:00:00 08/00/2138 00001 00198 00995 00001 00000 00995 00001 00199 00995 00001 00199 00995 00001 00000 00995 00001 00000 00995  
08:00:00 08/00/2138 00001 00198 00995 00001 00000 00995 00001 00199 00995 00001 00199 00995 00001 00000 00995 00001 00000 00995  
08:00:00 08/00/2138 00001 00197 00995 00001 00000 00995 00001 00199 00995 00001 00199 00995 00001 00000 00995 00001 00000 00995  
08:00:00 08/00/2138 00001 00196 00995 00001 00000 00995 00001 00199 00995 00001 00199 00995 00001 00000 00995 00001 00000 00995  
08:00:00 08/00/2138 00001 00190 00995 00001 00000 00995 00001 00199 00995 00001 00199 00995 00001 00000 00995 00001 00000 00995  
08:00:00 08/00/2138 00001 00180 00995 00001 00000 00995 00001 00199 00995 00001 00199 00995 00001 00000 00995 00001 00000 00995  
