7.0 0.0 19.0 0.0 0.0 0.0 0.0 0.0 0.0 0.0 0.0 7.0 0.0 19.0 0.0 0.0 0.0 22.0 8.0 2022.0 7.0 0.0 7.0 0.0 19.0 0.0 0.0 0.0 22.0 8.0 2022.0 7.0 0.0 7.0 0.0 19.0 0.0 0.0 0.0 22.0 8.0 2022.0 7.0 0.0 7.0 0.0 19.0 0.0 0.0 0.0 22.0 8.0 2022.0 7.0 0.0 7.0 0.0 19.0 0.0 0.0 0.0 22.0 8.0 2022.0 7.0 0.0 7.0 0.0 19.0 0.0 0.0 0.0 22.0 8.0 2022.0 7.0 0.0 7.0 0.0 19.0 0.0 0.0 0.0 22.0 8.0 2022.0 7.0 0.0 7.0 0.0 19.0 0.0 0.0 0.0 22.0 8.0 2022.0 7.0 0.0 7.0 0.0 19.0 0.0 0.0 0.0 22.0 8.0 2022.0 7.0 0.0 7.0 0.0 19.0 0.0 0.0 0.0 22.0 8.0 2022.0 7.0 0.0 7.0 0.0 19.0 0.0 0.0 0.0 22.0 8.0 2022.0 7.0 0.0
7.0 0.0 19.0 0.0 0.0 0.0 0.0 0.0 0.0 0.0 0.0 7.0 0.0 19.0 0.0 0.0 0.0 22.0 8.0 2022.0 7.0 0.0 7.0 0.0 19.0 0.0 0.0 0.0 22.0 8.0 2022.0 7.0 0.0 7.0 0.0 19.0 0.0 0.0 0.0 22.0 8.0 2022.0 7.0 0.0 7.0 0.0 19.0 0.0 0.0 0.0 22.0 8.0 2022.0 7.0 0.0 7.0 0.0 19.0 0.0 0.0 0.0 22.0 8.0 2022.0 7.0 0.0 7.0 0.0 19.0 0.0 0.0 0.0 22.0 8.0 2022.0 7.0 0.0 7.0 0.0 19.0 0.0 0.0 0.0 22.0 8.0 2022.0 7.0 0.0 7.0 0.0 19.0 0.0 0.0 0.0 22.0 8.0 2022.0 7.0 0.0 7.0 0.0 19.0 0.0 0.0 0.0 22.0 8.0 2022.0 7.0 0.0 7.0 0.0 19.0 0.0 0.0 0.0 22.0 8.0 2022.0 7.0 0.0 7.0 0.0 19.0 0.0 0.0 0.0 22.0 8.0 2022.0 7.0 0.0
7.0 0.0 19.0 0.0 0.0 0.0 0.0 0.0 0.0 0.0 0.0 7.0 0.0 19.0 0.0 0.0 0.0 22.0 8.0 2022.0 7.0 0.0 7.0 0.0 19.0 0.0 0.0 0.0 22.0 8.0 2022.0 7.0 0.0 7.0 0.0 19.0 0.0 0.0 0.0 22.0 8.0 2022.0 7.0 0.0 7.0 0.0 19.0 0.0 0.0 0.0 22.0 8.0 2022.0 7.0 0.0 7.0 0.0 19.0 0.0 0.0 0.0 22.0 8.0 2022.0 7.0 0.0 7.0 0.0 19.0 0.0 0.0 0.0 22.0 8.0 2022.0 7.0 0.0 7.0 0.0 19.0 0.0 0.0 0.0 22.0 8.0 2022.0 7.0 0.0 7.0 0.0 19.0 0.0 0.0 0.0 22.0 8.0 2022.0 7.0 0.0 7.0 0.0 19.0 0.0 0.0 0.0 22.0 8.0 2022.0 7.0 0.0 7.0 0.0 19.0 0.0 0.0 0.0 22.0 8.0 2022.0 7.0 0.0 7.0 0.0 19.0 0.0 0.0 0.0 22.0 8.0 2022.0 7.0 0.0
7.0 0.0 19.0 0.0 0.0 0.0 0.0 0.0 0.0 0.0 0.0 7.0 0.0 19.0 0.0 0.0 0.0 22.0 8.0 2022.0 7.0 0.0 7.0 0.0 19.0 0.0 0.0 0.0 22.0 8.0 2022.0 7.0 0.0 7.0 0.0 19.0 0.0 0.0 0.0 22.0 8.0 2022.0 7.0 0.0 7.0 0.0 19.0 0.0 0.0 0.0 22.0 8.0 2022.0 7.0 0.0 7.0 0.0 19.0 0.0 0.0 0.0 22.0 8.0 2022.0 7.0 0.0 7.0 0.0 19.0 0.0 0.0 0.0 22.0 8.0 2022.0 7.0 0.0 7.0 0.0 19.0 0.0 0.0 0.0 22.0 8.0 2022.0 7.0 0.0 7.0 0.0 19.0 0.0 0.0 0.0 22.0 8.0 2022.0 7.0 0.0 7.0 0.0 19.0 0.0 0.0 0.0 22.0 8.0 2022.0 7.0 0.0 7.0 0.0 19.0 0.0 0.0 0.0 22.0 8.0 2022.0 7.0 0.0 7.0 0.0 19.0 0.0 0.0 0.0 22.0 8.0 2022.0 7.0 0.0
7.0 0.0 19.0 0.0 0.0 0.0 0.0 0.0 0.0 0.0 0.0 7.0 0.0 19.0 0.0 0.0 0.0 22.0 8.0 2022.0 7.0 0.0 7.0 0.0 19.0 0.0 0.0 0.0 22.0 8.0 2022.0 7.0 0.0 7.0 0.0 19.0 0.0 0.0 0.0 22.0 8.0 2022.0 7.0 0.0 7.0 0.0 19.0 0.0 0.0 0.0 22.0 8.0 2022.0 7.0 0.0 7.0 0.0 19.0 0.0 0.0 0.0 22.0 8.0 2022.0 7.0 0.0 7.0 0.0 19.0 0.0 0.0 0.0 22.0 8.0 2022.0 7.0 0.0 7.0 0.0 19.0 0.0 0.0 0.0 22.0 8.0 2022.0 7.0 0.0 7.0 0.0 19.0 0.0 0.0 0.0 22.0 8.0 2022.0 7.0 0.0 7.0 0.0 19.0 0.0 0.0 0.0 22.0 8.0 2022.0 7.0 0.0 7.0 0.0 19.0 0.0 0.0 0.0 22.0 8.0 2022.0 7.0 0.0 7.0 0.0 19.0 0.0 0.0 0.0 22.0 8.0 2022.0 7.0 0.0
7.0 0.0 19.0 0.0 0.0 0.0 0.0 0.0 0.0 0.0 0.0 7.0 0.0 19.0 0.0 0.0 0.0 22.0 8.0 2022.0 7.0 0.0 7.0 0.0 19.0 0.0 0.0 0.0 22.0 8.0 2022.0 7.0 0.0 7.0 0.0 19.0 0.0 0.0 0.0 22.0 8.0 2022.0 7.0 0.0 7.0 0.0 19.0 0.0 0.0 0.0 22.0 8.0 2022.0 7.0 0.0 7.0 0.0 19.0 0.0 0.0 0.0 22.0 8.0 2022.0 7.0 0.0 7.0 0.0 19.0 0.0 0.0 0.0 22.0 8.0 2022.0 7.0 0.0 7.0 0.0 19.0 0.0 0.0 0.0 22.0 8.0 2022.0 7.0 0.0 7.0 0.0 19.0 0.0 0.0 0.0 22.0 8.0 2022.0 7.0 0.0 7.0 0.0 19.0 0.0 0.0 0.0 22.0 8.0 2022.0 7.0 0.0 7.0 0.0 19.0 0.0 0.0 0.0 22.0 8.0 2022.0 7.0 0.0 7.0 0.0 19.0 0.0 0.0 0.0 22.0 8.0 2022.0 7.0 0.0
7.0 0.0 19.0 0.0 0.0 0.0 0.0 0.0 0.0 0.0 0.0 7.0 0.0 19.0 0.0 0.0 0.0 22.0 8.0 2022.0 7.0 0.0 7.0 0.0 19.0 0.0 0.0 0.0 22.0 8.0 2022.0 7.0 0.0 7.0 0.0 19.0 0.0 0.0 0.0 22.0 8.0 2022.0 7.0 0.0 7.0 0.0 19.0 0.0 0.0 0.0 22.0 8.0 2022.0 7.0 0.0 7.0 0.0 19.0 0.0 0.0 0.0 22.0 8.0 2022.0 7.0 0.0 7.0 0.0 19.0 0.0 0.0 0.0 22.0 8.0 2022.0 7.0 0.0 7.0 0.0 19.0 0.0 0.0 0.0 22.0 8.0 2022.0 7.0 0.0 7.0 0.0 19.0 0.0 0.0 0.0 22.0 8.0 2022.0 7.0 0.0 7.0 0.0 19.0 0.0 0.0 0.0 22.0 8.0 2022.0 7.0 0.0 7.0 0.0 19.0 0.0 0.0 0.0 22.0 8.0 2022.0 7.0 0.0 7.0 0.0 19.0 0.0 0.0 0.0 22.0 8.0 2022.0 7.0 0.0
7.0 0.0 19.0 0.0 0.0 0.0 0.0 0.0 0.0 0.0 0.0 7.0 0.0 19.0 0.0 0.0 0.0 22.0 8.0 2022.0 7.0 0.0 7.0 0.0 19.0 0.0 0.0 0.0 22.0 8.0 2022.0 7.0 0.0 7.0 0.0 19.0 0.0 0.0 0.0 22.0 8.0 2022.0 7.0 0.0 7.0 0.0 19.0 0.0 0.0 0.0 22.0 8.0 2022.0 7.0 0.0 7.0 0.0 19.0 0.0 0.0 0.0 22.0 8.0 2022.0 7.0 0.0 7.0 0.0 19.0 0.0 0.0 0.0 22.0 8.0 2022.0 7.0 0.0 7.0 0.0 19.0 0.0 0.0 0.0 22.0 8.0 2022.0 7.0 0.0 7.0 0.0 19.0 0.0 0.0 0.0 22.0 8.0 2022.0 7.0 0.0 7.0 0.0 19.0 0.0 0.0 0.0 22.0 8.0 2022.0 7.0 0.0 7.0 0.0 19.0 0.0 0.0 0.0 22.0 8.0 2022.0 7.0 0.0 7.0 0.0 19.0 0.0 0.0 0.0 22.0 8.0 2022.0 7.0 0.0
7.0 0.0 19.0 0.0 0.0 0.0 0.0 0.0 0.0 0.0 0.0 7.0 0.0 19.0 0.0 0.0 0.0 22.0 8.0 2022.0 7.0 0.0 7.0 0.0 19.0 0.0 0.0 0.0 22.0 8.0 2022.0 7.0 0.0 7.0 0.0 19.0 0.0 0.0 0.0 22.0 8.0 2022.0 7.0 0.0 7.0 0.0 19.0 0.0 0.0 0.0 22.0 8.0 2022.0 7.0 0.0 7.0 0.0 19.0 0.0 0.0 0.0 22.0 8.0 2022.0 7.0 0.0 7.0 0.0 19.0 0.0 0.0 0.0 22.0 8.0 2022.0 7.0 0.0 7.0 0.0 19.0 0.0 0.0 0.0 22.0 8.0 2022.0 7.0 0.0 7.0 0.0 19.0 0.0 0.0 0.0 22.0 8.0 2022.0 7.0 0.0 7.0 0.0 19.0 0.0 0.0 0.0 22.0 8.0 2022.0 7.0 0.0 7.0 0.0 19.0 0.0 0.0 0.0 22.0 8.0 2022.0 7.0 0.0 7.0 0.0 19.0 0.0 0.0 0.0 22.0 8.0 2022.0 7.0 0.0
7.0 0.0 19.0 0.0 0.0 0.0 0.0 0.0 0.0 0.0 0.0 7.0 0.0 19.0 0.0 0.0 0.0 22.0 8.0 2022.0 7.0 0.0 7.0 0.0 19.0 0.0 0.0 0.0 22.0 8.0 2022.0 7.0 0.0 7.0 0.0 19.0 0.0 0.0 0.0 22.0 8.0 2022.0 7.0 0.0 7.0 0.0 19.0 0.0 0.0 0.0 22.0 8.0 2022.0 7.0 0.0 7.0 0.0 19.0 0.0 0.0 0.0 22.0 8.0 2022.0 7.0 0.0 7.0 0.0 19.0 0.0 0.0 0.0 22.0 8.0 2022.0 7.0 0.0 7.0 0.0 19.0 0.0 0.0 0.0 22.0 8.0 2022.0 7.0 0.0 7.0 0.0 19.0 0.0 0.0 0.0 22.0 8.0 2022.0 7.0 0.0 7.0 0.0 19.0 0.0 0.0 0.0 22.0 8.0 2022.0 7.0 0.0 7.0 0.0 19.0 0.0 0.0 0.0 22.0 8.0 2022.0 7.0 0.0 7.0 0.0 19.0 0.0 0.0 0.0 22.0 8.0 2022.0 7.0 0.0
7.0 0.0 19.0 0.0 0.0 0.0 0.0 0.0 0.0 0.0 0.0 7.0 0.0 19.0 0.0 0.0 0.0 22.0 8.0 2022.0 7.0 0.0 7.0 0.0 19.0 0.0 0.0 0.0 22.0 8.0 2022.0 7.0 0.0 7.0 0.0 19.0 0.0 0.0 0.0 22.0 8.0 2022.0 7.0 0.0 7.0 0.0 19.0 0.0 0.0 0.0 22.0 8.0 2022.0 7.0 0.0 7.0 0.0 19.0 0.0 0.0 0.0 22.0 8.0 2022.0 7.0 0.0 7.0 0.0 19.0 0.0 0.0 0.0 22.0 8.0 2022.0 7.0 0.0 7.0 0.0 19.0 0.0 0.0 0.0 22.0 8.0 2022.0 7.0 0.0 7.0 0.0 19.0 0.0 0.0 0.0 22.0 8.0 2022.0 7.0 0.0 7.0 0.0 19.0 0.0 0.0 0.0 22.0 8.0 2022.0 7.0 0.0 7.0 0.0 19.0 0.0 0.0 0.0 22.0 8.0 2022.0 7.0 0.0 7.0 0.0 19.0 0.0 0.0 0.0 22.0 8.0 2022.0 7.0 0.0
