07 00 19 00 0 0 0 0 0 0 0 07 00 19 00 0 0 22 08 2022 07 00 07 00 19 00 0 0 22 08 2022 07 00 07 00 19 00 0 0 22 08 2022 07 00 07 00 19 00 0 0 22 08 2022 07 00 07 00 19 00 0 0 22 08 2022 07 00 07 00 19 00 0 0 22 08 2022 07 00 07 00 19 00 0 0 22 08 2022 07 00 07 00 19 00 0 0 22 08 2022 07 00 07 00 19 00 0 0 22 08 2022 07 00 07 00 19 00 0 0 22 08 2022 07 00 07 00 19 00 0 0 22 08 2022 07 00
07 00 19 00 0 0 0 0 0 0 0 07 00 19 00 0 0 22 08 2022 07 00 07 00 19 00 0 0 22 08 2022 07 00 07 00 19 00 0 0 22 08 2022 07 00 07 00 19 00 0 0 22 08 2022 07 00 07 00 19 00 0 0 22 08 2022 07 00 07 00 19 00 0 0 22 08 2022 07 00 07 00 19 00 0 0 22 08 2022 07 00 07 00 19 00 0 0 22 08 2022 07 00 07 00 19 00 0 0 22 08 2022 07 00 07 00 19 00 0 0 22 08 2022 07 00 07 00 19 00 0 0 22 08 2022 07 00
07 00 19 00 0 0 0 0 0 0 0 07 00 19 00 0 0 22 08 2022 07 00 07 00 19 00 0 0 22 08 2022 07 00 07 00 19 00 0 0 22 08 2022 07 00 07 00 19 00 0 0 22 08 2022 07 00 07 00 19 00 0 0 22 08 2022 07 00 07 00 19 00 0 0 22 08 2022 07 00 07 00 19 00 0 0 22 08 2022 07 00 07 00 19 00 0 0 22 08 2022 07 00 07 00 19 00 0 0 22 08 2022 07 00 07 00 19 00 0 0 22 08 2022 07 00 07 00 19 00 0 0 22 08 2022 07 00
07 00 19 00 0 0 0 0 0 0 0 07 00 19 00 0 0 22 08 2022 07 00 07 00 19 00 0 0 22 08 2022 07 00 07 00 19 00 0 0 22 08 2022 07 00 07 00 19 00 0 0 22 08 2022 07 00 07 00 19 00 0 0 22 08 2022 07 00 07 00 19 00 0 0 22 08 2022 07 00 07 00 19 00 0 0 22 08 2022 07 00 07 00 19 00 0 0 22 08 2022 07 00 07 00 19 00 0 0 22 08 2022 07 00 07 00 19 00 0 0 22 08 2022 07 00 07 00 19 00 0 0 22 08 2022 07 00
07 00 19 00 0 0 0 0 0 0 0 07 00 19 00 0 0 22 08 2022 07 00 07 00 19 00 0 0 22 08 2022 07 00 07 00 19 00 0 0 22 08 2022 07 00 07 00 19 00 0 0 22 08 2022 07 00 07 00 19 00 0 0 22 08 2022 07 00 07 00 19 00 0 0 22 08 2022 07 00 07 00 19 00 0 0 22 08 2022 07 00 07 00 19 00 0 0 22 08 2022 07 00 07 00 19 00 0 0 22 08 2022 07 00 07 00 19 00 0 0 22 08 2022 07 00 07 00 19 00 0 0 22 08 2022 07 00
07 00 19 00 0 0 0 0 0 0 0 07 00 19 00 0 0 22 08 2022 07 00 07 00 19 00 0 0 22 08 2022 07 00 07 00 19 00 0 0 22 08 2022 07 00 07 00 19 00 0 0 22 08 2022 07 00 07 00 19 00 0 0 22 08 2022 07 00 07 00 19 00 0 0 22 08 2022 07 00 07 00 19 00 0 0 22 08 2022 07 00 07 00 19 00 0 0 22 08 2022 07 00 07 00 19 00 0 0 22 08 2022 07 00 07 00 19 00 0 0 22 08 2022 07 00 07 00 19 00 0 0 22 08 2022 07 00
07 00 19 00 0 0 0 0 0 0 0 07 00 19 00 0 0 22 08 2022 07 00 07 00 19 00 0 0 22 08 2022 07 00 07 00 19 00 0 0 22 08 2022 07 00 07 00 19 00 0 0 22 08 2022 07 00 07 00 19 00 0 0 22 08 2022 07 00 07 00 19 00 0 0 22 08 2022 07 00 07 00 19 00 0 0 22 08 2022 07 00 07 00 19 00 0 0 22 08 2022 07 00 07 00 19 00 0 0 22 08 2022 07 00 07 00 19 00 0 0 22 08 2022 07 00 07 00 19 00 0 0 22 08 2022 07 00
07 00 19 00 0 0 0 0 0 0 0 07 00 19 00 0 0 22 08 2022 07 00 07 00 19 00 0 0 22 08 2022 07 00 07 00 19 00 0 0 22 08 2022 07 00 07 00 19 00 0 0 22 08 2022 07 00 07 00 19 00 0 0 22 08 2022 07 00 07 00 19 00 0 0 22 08 2022 07 00 07 00 19 00 0 0 22 08 2022 07 00 07 00 19 00 0 0 22 08 2022 07 00 07 00 19 00 0 0 22 08 2022 07 00 07 00 19 00 0 0 22 08 2022 07 00 07 00 19 00 0 0 22 08 2022 07 00
07 00 19 00 0 0 0 0 0 0 0 07 00 19 00 0 0 22 08 2022 07 00 07 00 19 00 0 0 22 08 2022 07 00 07 00 19 00 0 0 22 08 2022 07 00 07 00 19 00 0 0 22 08 2022 07 00 07 00 19 00 0 0 22 08 2022 07 00 07 00 19 00 0 0 22 08 2022 07 00 07 00 19 00 0 0 22 08 2022 07 00 07 00 19 00 0 0 22 08 2022 07 00 07 00 19 00 0 0 22 08 2022 07 00 07 00 19 00 0 0 22 08 2022 07 00 07 00 19 00 0 0 22 08 2022 07 00
07 00 19 00 0 0 0 0 0 0 0 07 00 19 00 0 0 22 08 2022 07 00 07 00 19 00 0 0 22 08 2022 07 00 07 00 19 00 0 0 22 08 2022 07 00 07 00 19 00 0 0 22 08 2022 07 00 07 00 19 00 0 0 22 08 2022 07 00 07 00 19 00 0 0 22 08 2022 07 00 07 00 19 00 0 0 22 08 2022 07 00 07 00 19 00 0 0 22 08 2022 07 00 07 00 19 00 0 0 22 08 2022 07 00 07 00 19 00 0 0 22 08 2022 07 00 07 00 19 00 0 0 22 08 2022 07 00
07 00 19 00 0 0 0 0 0 0 0 07 00 19 00 0 0 22 08 2022 07 00 07 00 19 00 0 0 22 08 2022 07 00 07 00 19 00 0 0 22 08 2022 07 00 07 00 19 00 0 0 22 08 2022 07 00 07 00 19 00 0 0 22 08 2022 07 00 07 00 19 00 0 0 22 08 2022 07 00 07 00 19 00 0 0 22 08 2022 07 00 07 00 19 00 0 0 22 08 2022 07 00 07 00 19 00 0 0 22 08 2022 07 00 07 00 19 00 0 0 22 08 2022 07 00 07 00 19 00 0 0 22 08 2022 07 00
