COM6
2022-08-17 08:20:26
0700190007001900070019000700190007001900
0000000000
0700190007001900070019000700190007001900
0000000000
240820222408202224082022240820222408202207000700070007000700
0700190007001900070019000700190007001900
0000000000
310820223108202231082022310820223108202207000700070007000700
0700190007001900070019000700190007001900
0000000000
070920220709202207092022070920220709202207000700070007000700
0700190007001900070019000700190007001900
0000000000
140920221409202214092022140920221409202207000700070007000700
0700190007001900070019000700190007001900
0000000000
210920222109202221092022210920222109202207000700070007000700
0700190007001900070019000700190007001900
0000000000
280920222809202228092022280920222809202207000700070007000700
0700190007001900070019000700190007001900
0000000000
051020220510202205102022051020220510202207000700070007000700
0700190007001900070019000700190007001900
0000000000
121020221210202212102022121020221210202207000700070007000700
0700190007001900070019000700190007001900
0000000000
191020221910202219102022191020221910202207000700070007000700
0700190007001900070019000700190007001900
0000000000
261020222610202226102022261020222610202207000700070007000700
0700190007001900070019000700190007001900
0000000000
021120220211202202112022021120220211202207000700070007000700
HH:MM:SS MO/DY/YEAR LED01 PIR01 LED02 PIR02 LED03 PIR03 LED04 PIR04 LED05 PIR05
08:22:59 08/17/2022 00001 00298 00001 00300 00001 00000 00001 00044 00001 00300  
08:23:59 08/17/2022 00001 00300 00001 00300 00001 00000 00001 00000 00001 00300  
08:24:59 08/17/2022 00001 00300 00001 00300 00001 00000 00001 00000 00001 00300  
08:25:59 08/17/2022 00001 00300 00001 00300 00001 00000 00001 00000 00001 00300  
08:26:59 08/17/2022 00001 00300 00001 00300 00001 00000 00001 00000 00001 00300  
08:27:59 08/17/2022 00001 00300 00001 00300 00001 00000 00001 00000 00001 00300  
