/dev/ttyACM0
2022-08-25 11:53:48
PY_VAR67PY_VAR68PY_VAR69PY_VAR70PY_VAR710700190007001919070019190700191907001919
0000000000
0700190007001900070019000700190007001900
0000000000
010920220109202201092022010920220109202207000700070007000700
0700190007001900070019000700190007001900
0000000000
080920220809202208092022080920220809202207000700070007000700
0700190007001900070019000700190007001900
0000000000
150920221509202215092022150920221509202207000700070007000700
0700190007001900070019000700190007001900
0000000000
220920222209202222092022220920222209202207000700070007000700
0700190007001900070019000700190007001900
0000000000
290920222909202229092022290920222909202207000700070007000700
0700190007001900070019000700190007001900
0000000000
061020220610202206102022061020220610202207000700070007000700
0700190007001900070019000700190007001900
0000000000
131020221310202213102022131020221310202207000700070007000700
0700190007001900070019000700190007001900
0000000000
201020222010202220102022201020222010202207000700070007000700
0700190007001900070019000700190007001900
0000000000
271020222710202227102022271020222710202207000700070007000700
0700190007001900070019000700190007001900
0000000000
031120220311202203112022031120220311202207000700070007000700
0700190007001900070019000700190007001900
0000000000
101120221011202210112022101120221011202207000700070007000700
HH:MM:SS MO/DY/YEAR LED01 PIR01 LED02 PIR02 LED03 PIR03 LED04 PIR04 LED05 PIR05
11:55:59 08/25/2022 00000 00000 00000 00000 00000 00000 00000 00000 00000 00000  
11:56:59 08/25/2022 00000 00000 00000 00000 00000 00000 00000 00000 00000 00000  
11:57:59 08/25/2022 00000 00000 00000 00000 00000 00000 00000 00000 00000 00000  
11:58:59 08/25/2022 00000 00000 00000 00000 00000 00000 00000 00000 00000 00000  
11:59:59 08/25/2022 00000 00000 00000 00000 00000 00000 00000 00000 00000 00000  
12:00:59 08/25/2022 00000 00000 00000 00000 00000 00000 00000 00000 00000 00000  
12:01:59 08/25/2022 00000 00000 00000 00000 00000 00000 00000 00000 00000 00000  
12:02:59 08/25/2022 00000 00000 00000 00000 00000 00000 00000 00011 00000 00000  
12:03:59 08/25/2022 00000 00000 00000 00000 00000 00000 00000 00000 00000 00000  
12:04:59 08/25/2022 00000 00000 00000 00000 00000 00000 00000 00000 00000 00000  
12:05:59 08/25/2022 00000 00000 00000 00000 00000 00000 00000 00000 00000 00000  
12:06:59 08/25/2022 00000 00000 00000 00000 00000 00000 00000 00000 00000 00000  
