/dev/ttyACM0
2022-08-22 16:03:59
0700190007001900070019000700190007001900
0000000000
0700190007001900070019000700190007001900
0000000000
290820222908202229082022290820222908202207000700070007000700
0700190007001900070019000700190007001900
0000000000
050920220509202205092022050920220509202207000700070007000700
0700190007001900070019000700190007001900
0000000000
120920221209202212092022120920221209202207000700070007000700
0700190007001900070019000700190007001900
0000000000
190920221909202219092022190920221909202207000700070007000700
0700190007001900070019000700190007001900
0000000000
260920222609202226092022260920222609202207000700070007000700
0700190007001900070019000700190007001900
0000000000
031020220310202203102022031020220310202207000700070007000700
0700190007001900070019000700190007001900
0000000000
101020221010202210102022101020221010202207000700070007000700
0700190007001900070019000700190007001900
0000000000
171020221710202217102022171020221710202207000700070007000700
0700190007001900070019000700190007001900
0000000000
241020222410202224102022241020222410202207000700070007000700
0700190007001900070019000700190007001900
0000000000
311020223110202231102022311020223110202207000700070007000700
0700190007001900070019000700190007001900
0000000000
071120220711202207112022071120220711202207000700070007000700
HH:MM:SS MO/DY/YEAR LED01 PIR01 LED02 PIR02 LED03 PIR03 LED04 PIR04 LED05 PIR05
16:05:59 08/22/2022 00001 00300 00001 00300 00001 00055 00001 00044 00001 00300  
16:06:59 08/22/2022 00001 00300 00001 00300 00001 00011 00001 00030 00001 00300  
