0700190007001900070019000700190007001900
070019000700190007001900070019000700190000000000000000000000
0700190007001900070019000700190007001900
070019000700190007001900070019000700190000000000000000000000
201020182010201820102018201020182010201807000700070007000700
201020182010201820102018201020182010201807000700070007000700
0700190007001900070019000700190007001900
070019000700190007001900070019000700190000000000000000000000
101120181011201810112018101120181011201807000700070007000700
101120181011201810112018101120181011201807000700070007000700
