/dev/ttyACM1
2022-07-21 15:48:42
0700190007001900070019000700190007001900
1000000000
0700190007001900070019000700190007001900
1000000000
280720222807202228072022280720222807202207000700070007000700
0700190007001900070019000700190007001900
1000000000
040820220408202204082022040820220408202207000700070007000700
0700190007001900070019000700190007001900
0000000000
110820221108202211082022110820221108202207000700070007000700
0700190007001900070019000700190007001900
0000000000
180820221808202218082022180820221808202207000700070007000700
0700190007001900070019000700190007001900
1000000000
250820222508202225082022250820222508202207000700070007000700
0700190007001900070019000700190007001900
1000000000
010920220109202201092022010920220109202207000700070007000700
0700190007001900070019000700190007001900
0000000000
080920220809202208092022080920220809202207000700070007000700
0700190007001900070019000700190007001900
0000000000
150920221509202215092022150920221509202207000700070007000700
0700190007001900070019000700190007001900
0000000000
220920222209202222092022220920222209202207000700070007000700
0700190007001900070019000700190007001900
0000000000
290920222909202229092022290920222909202207000700070007000700
0700190007001900070019000700190007001900
0000000000
061020220610202206102022061020220610202207000700070007000700
HH:MM:SS MO/DY/YEAR LED01 PIR01 LED02 PIR02 LED03 PIR03 LED04 PIR04 LED05 PIR05
15:50:59 07/21/2022 00000 00011 00001 00011 00001 00022 00001 00099 00001 00000  
15:51:59 07/21/2022 00000 00011 00001 00022 00001 00011 00001 00071 00001 00000  
15:52:59 07/21/2022 00000 00022 00001 00033 00001 00029 00001 00088 00001 00000  
15:53:59 07/21/2022 00000 00044 00001 00045 00001 00045 00001 00036 00001 00000  
15:54:59 07/21/2022 00000 00000 00001 00000 00001 00000 00001 00036 00001 00000  
15:55:59 07/21/2022 00000 00000 00001 00000 00001 00000 00001 00033 00001 00000  
15:56:59 07/21/2022 00000 00022 00001 00033 00001 00042 00001 00022 00001 00000  
15:57:59 07/21/2022 00000 00033 00001 00033 00001 00057 00001 00033 00001 00000  
15:58:59 07/21/2022 00000 00022 00001 00045 00001 00043 00001 00066 00001 00000  
15:59:59 07/21/2022 00000 00000 00001 00000 00001 00000 00001 00022 00001 00000  
16:00:59 07/21/2022 00000 00000 00001 00000 00001 00000 00001 00033 00001 00000  
16:01:59 07/21/2022 00000 00067 00001 00106 00001 00065 00001 00105 00001 00000  
16:02:59 07/21/2022 00000 00044 00001 00092 00001 00065 00001 00071 00001 00000  
