/dev/tty.usbmodem14601
2018-10-14 00:07:35
0700190007001900070019000700190007001900
070019000700190007001900070019000700190000000000000000000000
0700190007001900070019000700190007001900
070019000700190007001900070019000700190000000000000000000000
201020182010201820102018201020182010201807000700070007000700
201020182010201820102018201020182010201807000700070007000700
0700190007001900070019000700190007001900
070019000700190007001900070019000700190000000000000000000000
101120181011201810112018101120181011201807000700070007000700
101120181011201810112018101120181011201807000700070007000700
HH:MM:SS MO/DY/YEAR LED01 PIR01 LED02 PIR02 LED03 PIR03 LED04 PIR04 LED05 PIR05 LED06 PIR06 LED07 PIR07 LED08 PIR08 LED09 PIR09 LED10 PIR10
00:08:00 10/14/2018 00000 00000 00000 0001000 00000 00000 00000 00000 00000 00000 00000 00000 00000 0001000 00000 00000 00000 00000 00000 00000  
00:09:00 10/14/2018 00000 00000 00000 000832 00000 00000 00000 00000 00000 00000 00000 00000 00000 0001000 00000 00000 00000 00000 00000 00000  
00:10:00 10/14/2018 00000 00000 00000 000634 00000 00000 00000 00000 00000 00000 00000 00000 00000 0001000 00000 00000 00000 00000 00000 00000  
00:11:00 10/14/2018 00000 00000 00000 0001000 00000 00000 00000 00000 00000 00000 00000 00000 00000 0001000 00000 00000 00000 00000 00000 00000  
00:12:00 10/14/2018 00000 00000 00000 0001000 00000 00000 00000 00000 00000 00000 00000 00000 00000 0001000 00000 00000 00000 00000 00000 00000  
