/dev/ttyACM0
2022-07-11 15:51:42
0700190007001900070019000700190007001900
070019000700190007001900070019000700190000000000000000000000
0700190007001900070019000700190007001900
070019000700190007001900070019000700190000000000000000000000
180720221807202218072022180720221807202207000700070007000700
180720221807202218072022180720221807202207000700070007000700
0700190007001900070019000700190007001900
070019000700190007001900070019000700190000000000000000000000
080820220808202208082022080820220808202207000700070007000700
080820220808202208082022080820220808202207000700070007000700
