/dev/ttyACM0
2022-08-08 15:18:31
0700190007001900070019000700190007001900
0000000000
0700190007001900070019000700190007001900
0000000000
150820221508202215082022150820221508202207000700070007000700
0700190007001900070019000700190007001900
0000000000
220820222208202222082022220820222208202207000700070007000700
0700190007001900070019000700190007001900
0000000000
290820222908202229082022290820222908202207000700070007000700
0700190007001900070019000700190007001900
0000000000
050920220509202205092022050920220509202207000700070007000700
0700190007001900070019000700190007001900
0000000000
120920221209202212092022120920221209202207000700070007000700
0700190007001900070019000700190007001900
0000000000
190920221909202219092022190920221909202207000700070007000700
0700190007001900070019000700190007001900
0000000000
260920222609202226092022260920222609202207000700070007000700
0700190007001900070019000700190007001900
0000000000
031020220310202203102022031020220310202207000700070007000700
0700190007001900070019000700190007001900
0000000000
101020221010202210102022101020221010202207000700070007000700
0700190007001900070019000700190007001900
0000000000
171020221710202217102022171020221710202207000700070007000700
0700190007001900070019000700190007001900
0000000000
241020222410202224102022241020222410202207000700070007000700
HH:MM:SS MO/DY/YEAR LED01 PIR01 LED02 PIR02 LED03 PIR03 LED04 PIR04 LED05 PIR05
15:20:59 08/08/2022 00001 00300 00001 00121 00001 00178 00001 00010 00001 00300  
15:21:59 08/08/2022 00001 00300 00001 00109 00001 00180 00001 00000 00001 00300  
15:22:59 08/08/2022 00001 00300 00001 00149 00001 00198 00001 00000 00001 00300  
