/dev/tty.usbmodem14601
2018-10-08 00:25:23
0700190007001900070019000700190007001900
070019000700190007001900070019000700190000000000000000000000
0700190007001900070019000700190007001900
070019000700190007001900070019000700190000000000000000000000
151020181510201815102018151020181510201807000700070007000700
151020181510201815102018151020181510201807000700070007000700
0700190007001900070019000700190007001900
070019000700190007001900070019000700190000000000000000000000
051120180511201805112018051120180511201807000700070007000700
051120180511201805112018051120180511201807000700070007000700
HH:MM:SS MO/DY/YEAR LED01 PIR01 LED02 PIR02 LED03 PIR03 LED04 PIR04 LED05 PIR05 LED06 PIR06 LED07 PIR07 LED08 PIR08 LED09 PIR09 LED10 PIR10
00:26:00 10/08/2018 00000 00000 00000 0001000 00000 00000 00000 00000 00000 00000 00000 00000 00000 0001000 00000 00000 00000 00000 00000 00000  
00:27:00 10/08/2018 00000 00000 00000 0001000 00000 00000 00000 00000 00000 00000 00000 00000 00000 0001000 00000 00000 00000 00000 00000 00000  
00:28:00 10/08/2018 00000 00000 00000 0001000 00000 00000 00000 00000 00000 00000 00000 00000 00000 0001000 00000 00000 00000 00000 00000 00000  
00:29:00 10/08/2018 00000 00000 00000 0001000 00000 00000 00000 00000 00000 00000 00000 00000 00000 0001000 00000 00000 00000 00000 00000 00000  
00:30:00 10/08/2018 00000 00000 00000 0001000 00000 00000 00000 00000 00000 00000 00000 00000 00000 0001000 00000 00000 00000 00000 00000 00000  
