/dev/ttyACM0
2022-07-19 10:10:03
0700190007001900070019000700190007001900
0000000000
0700190007001900070019000700190007001900
0000000000
260720222607202226072022260720222607202207000700070007000700
0700190007001900070019000700190007001900
0000000000
020820220208202202082022020820220208202207000700070007000700
0700190007001900070019000700190007001900
0000000000
090820220908202209082022090820220908202207000700070007000700
0700190007001900070019000700190007001900
0000000000
160820221608202216082022160820221608202207000700070007000700
0700190007001900070019000700190007001900
0000000000
230820222308202223082022230820222308202207000700070007000700
0700190007001900070019000700190007001900
0000000000
300820223008202230082022300820223008202207000700070007000700
0700190007001900070019000700190007001900
0000000000
060920220609202206092022060920220609202207000700070007000700
0700190007001900070019000700190007001900
0000000000
130920221309202213092022130920221309202207000700070007000700
0700190007001900070019000700190007001900
0000000000
200920222009202220092022200920222009202207000700070007000700
0700190007001900070019000700190007001900
0000000000
270920222709202227092022270920222709202207000700070007000700
0700190007001900070019000700190007001900
0000000000
041020220410202204102022041020220410202207000700070007000700
HH:MM:SS MO/DY/YEAR LED01 PIR01 LED02 PIR02 LED03 PIR03 LED04 PIR04 LED05 PIR05
10:11:00 07/19/2022 00001 00000 00001 00627 00001 00000 00001 00103 00001 00098  
10:12:00 07/19/2022 00001 00000 00001 00656 00001 00000 00001 00000 00001 00000  
10:13:00 07/19/2022 00001 00000 00001 00656 00001 00000 00001 00000 00001 00000  
10:14:00 07/19/2022 00001 00000 00001 00656 00001 00000 00001 00000 00001 00000  
10:15:00 07/19/2022 00001 00000 00001 00656 00001 00000 00001 00049 00001 00049  
10:16:00 07/19/2022 00001 00000 00001 00656 00001 00000 00001 00098 00001 00000  
10:17:00 07/19/2022 00001 00000 00001 00656 00001 00000 00001 00049 00001 00000  
10:18:00 07/19/2022 00001 00000 00001 00656 00001 00000 00001 00073 00001 00000  
10:19:00 07/19/2022 00001 00000 00001 00656 00001 00000 00001 00000 00001 00000  
10:20:00 07/19/2022 00001 00000 00001 00656 00001 00000 00001 00123 00001 00050  
10:21:00 07/19/2022 00001 00000 00001 00656 00001 00000 00001 00072 00001 00000  
10:22:00 07/19/2022 00001 00000 00001 00656 00001 00000 00001 00025 00001 00000  
10:23:00 07/19/2022 00001 00000 00001 00656 00001 00000 00001 00049 00001 00000  
10:24:00 07/19/2022 00001 00000 00001 00656 00001 00000 00001 00073 00001 00000  
10:25:00 07/19/2022 00001 00000 00001 00656 00001 00000 00001 00000 00001 00000  
10:26:00 07/19/2022 00001 00000 00001 00656 00001 00000 00001 00122 00001 00000  
10:27:00 07/19/2022 00001 00000 00001 00656 00001 00000 00001 00073 00001 00000  
10:28:00 07/19/2022 00001 00000 00001 00656 00001 00025 00001 00048 00001 00000  
10:29:00 07/19/2022 00001 00000 00001 00656 00001 00000 00001 00025 00001 00000  
10:30:00 07/19/2022 00001 00000 00001 00656 00001 00000 00001 00050 00001 00000  
