/dev/ttyACM0
2022-08-18 17:08:19
0700190007001900070019000700190007001900
0000000000
0700190007001900070019000700190007001900
0000000000
250820222508202225082022250820222508202207000700070007000700
0700190007001900070019000700190007001900
0000000000
010920220109202201092022010920220109202207000700070007000700
0700190007001900070019000700190007001900
0000000000
080920220809202208092022080920220809202207000700070007000700
0700190007001900070019000700190007001900
0000000000
150920221509202215092022150920221509202207000700070007000700
0700190007001900070019000700190007001900
0000000000
220920222209202222092022220920222209202207000700070007000700
0700190007001900070019000700190007001900
0000000000
290920222909202229092022290920222909202207000700070007000700
0700190007001900070019000700190007001900
0000000000
061020220610202206102022061020220610202207000700070007000700
0700190007001900070019000700190007001900
0000000000
131020221310202213102022131020221310202207000700070007000700
0700190007001900070019000700190007001900
0000000000
201020222010202220102022201020222010202207000700070007000700
0700190007001900070019000700190007001900
0000000000
271020222710202227102022271020222710202207000700070007000700
0700190007001900070019000700190007001900
0000000000
031120220311202203112022031120220311202207000700070007000700
HH:MM:SS MO/DY/YEAR LED01 PIR01 LED02 PIR02 LED03 PIR03 LED04 PIR04 LED05 PIR05
17:09:59 08/18/2022 00001 00000 00001 00000 00001 00000 00001 00000 00001 00300  
17:10:59 08/18/2022 00001 00000 00001 00066 00001 00042 00001 00044 00001 00300  
17:11:59 08/18/2022 00001 00011 00001 00033 00001 00022 00001 00022 00001 00300  
17:12:59 08/18/2022 00001 00017 00001 00044 00001 00044 00001 00033 00001 00300  
17:13:59 08/18/2022 00001 00235 00001 00185 00001 00179 00001 00176 00001 00300  
17:14:59 08/18/2022 00001 00154 00001 00125 00001 00114 00001 00076 00001 00300  
17:15:59 08/18/2022 00001 00300 00001 00143 00001 00108 00001 00110 00001 00300  
