/dev/ttyACM0
2022-08-16 20:15:20
0700190007001900070019000700190007001900
0000000000
0700190007001900070019000700190007001900
0000000000
030080300803008030080300803008030080300803008030082022070700190007001900070019000700190007001900
000000000003008030080300803008030080300803008030080300803008202207
0700190007001900070019000700190007001900
000000000000609006090060900609006090060900609006090060900609202207
0700190007001900070019000700190007001900
0000000000
013090130901309013090130901309013090130901309013092022070000000000
02009020090200902009020090200902009020090200902009202207
0000000000
027090270902709027090270902709027090270902709027092022070000000000
00410004100041000410004100041000410004100041000410202207
0000000000
011100111001110011100111001110011100111001110011102022070000000000
01810018100181001810018100181001810018100181001810202207
0000000000
