/dev/ttyACM0
2022-08-24 20:31:23
PY_VAR64PY_VAR65PY_VAR66PY_VAR67PY_VAR682302190207001919070019190700191907001919
0000000000
0700190007001900070019000700190007001900
0000000000
310820223108202231082022310820223108202207000700070007000700
0700190007001900070019000700190007001900
0000000000
070920220709202207092022070920220709202207000700070007000700
0700190007001900070019000700190007001900
0000000000
140920221409202214092022140920221409202207000700070007000700
0700190007001900070019000700190007001900
0000000000
210920222109202221092022210920222109202207000700070007000700
0700190007001900070019000700190007001900
0000000000
280920222809202228092022280920222809202207000700070007000700
0700190007001900070019000700190007001900
0000000000
051020220510202205102022051020220510202207000700070007000700
0700190007001900070019000700190007001900
0000000000
121020221210202212102022121020221210202207000700070007000700
0700190007001900070019000700190007001900
0000000000
191020221910202219102022191020221910202207000700070007000700
0700190007001900070019000700190007001900
0000000000
261020222610202226102022261020222610202207000700070007000700
0700190007001900070019000700190007001900
0000000000
021120220211202202112022021120220211202207000700070007000700
0700190007001900070019000700190007001900
0000000000
091120220911202209112022091120220911202207000700070007000700
HH:MM:SS MO/DY/YEAR LED01 PIR01 LED02 PIR02 LED03 PIR03 LED04 PIR04 LED05 PIR05
20:33:59 08/24/2022 00000 00000 00000 00000 00000 00000 00000 00000 00000 00000  
20:34:59 08/24/2022 00000 00000 00000 00000 00000 00000 00000 00000 00000 00000  
20:35:59 08/24/2022 00000 00000 00000 00000 00000 00000 00000 00000 00000 00000  
20:36:59 08/24/2022 00000 00000 00000 00000 00000 00000 00000 00000 00000 00000  
20:37:59 08/24/2022 00000 00000 00000 00000 00000 00000 00000 00000 00000 00000  
20:38:59 08/24/2022 00000 00000 00000 00000 00000 00000 00000 00000 00000 00000  
20:39:59 08/24/2022 00000 00000 00000 00000 00000 00000 00000 00000 00000 00000  
20:40:59 08/24/2022 00000 00000 00000 00000 00000 00000 00000 00000 00000 00000  
20:41:59 08/24/2022 00000 00000 00000 00000 00000 00000 00000 00000 00000 00000  
20:42:59 08/24/2022 00000 00000 00000 00000 00000 00000 00000 00000 00000 00000  
20:43:59 08/24/2022 00000 00000 00000 00000 00000 00000 00000 00000 00000 00000  
20:44:59 08/24/2022 00000 00000 00000 00000 00000 00000 00000 00022 00000 00000  
20:45:59 08/24/2022 00000 00000 00000 00000 00000 00000 00000 00033 00000 00000  
20:46:59 08/24/2022 00000 00000 00000 00000 00000 00000 00000 00022 00000 00000  
20:47:59 08/24/2022 00000 00000 00000 00000 00000 00000 00000 00000 00000 00000  
20:48:59 08/24/2022 00000 00000 00000 00000 00000 00000 00000 00000 00000 00000  
