/dev/ttyACM0
2022-08-04 17:05:04
0700190007001900070019000700190007001900
0000000000
0700190007001900070019000700190007001900
0000000000
110820221108202211082022110820221108202207000700070007000700
0700190007001900070019000700190007001900
0000000000
180820221808202218082022180820221808202207000700070007000700
0700190007001900070019000700190007001900
0000000000
250820222508202225082022250820222508202207000700070007000700
0700190007001900070019000700190007001900
0000000000
010920220109202201092022010920220109202207000700070007000700
0700190007001900070019000700190007001900
0000000000
080920220809202208092022080920220809202207000700070007000700
0700190007001900070019000700190007001900
0000000000
150920221509202215092022150920221509202207000700070007000700
0700190007001900070019000700190007001900
0000000000
220920222209202222092022220920222209202207000700070007000700
0700190007001900070019000700190007001900
0000000000
290920222909202229092022290920222909202207000700070007000700
0700190007001900070019000700190007001900
0000000000
061020220610202206102022061020220610202207000700070007000700
0700190007001900070019000700190007001900
0000000000
131020221310202213102022131020221310202207000700070007000700
0700190007001900070019000700190007001900
0000000000
201020222010202220102022201020222010202207000700070007000700
HH:MM:SS MO/DY/YEAR LED01 PIR01 LED02 PIR02 LED03 PIR03 LED04 PIR04 LED05 PIR05
17:06:59 08/04/2022 00001 00000 00001 00044 00001 00031 00001 00300 00001 00028  
