/dev/ttyACM0
2022-08-23 16:46:51
8002019080020190800201908002019080020190000000000
0700190007001900070019000700190007001900
0000000000300820223008202230082022300820223008202207000700070007000700
0700190007001900070019000700190007001900
0000000000060920220609202206092022060920220609202207000700070007000700
0700190007001900070019000700190007001900
0000000000
130920221309202213092022130920221309202207000700070007000700
0700190007001900070019000700190007001900
0000000000
200920222009202220092022200920222009202207000700070007000700
0700190007001900070019000700190007001900
0000000000
270920222709202227092022270920222709202207000700070007000700
0700190007001900070019000700190007001900
0000000000
041020220410202204102022041020220410202207000700070007000700
0700190007001900070019000700190007001900
0000000000
111020221110202211102022111020221110202207000700070007000700
0700190007001900070019000700190007001900
0000000000
181020221810202218102022181020221810202207000700070007000700
0700190007001900070019000700190007001900
0000000000
251020222510202225102022251020222510202207000700070007000700
0700190007001900070019000700190007001900
0000000000
011120220111202201112022011120220111202207000700070007000700
0700190007001900070019000700190007001900
0000000000
081120220811202208112022081120220811202207000700070007000700
