/dev/ttyACM0
2022-08-18 11:54:17
0700190007001900070019000700190007001900
070019000700190007001900070019000700190000000000000000000000
0700190007001900070019000700190007001900
070019000700190007001900070019000700190000000000000000000000
250820222508202225082022250820222508202207000700070007000700
250820222508202225082022250820222508202207000700070007000700
0700190007001900070019000700190007001900
070019000700190007001900070019000700190000000000000000000000
150920221509202215092022150920221509202207000700070007000700
150920221509202215092022150920221509202207000700070007000700
