/dev/ttyACM0
2022-07-14 13:57:10
0700190007001900070019000700190007001900
000000000007001900070019000700190007001900070019000000000000
210720222107202221072022210720222107202207000700070007000700
07001900070019000700190007001900070019000000000000280720222807202228072022280720222807202207000700070007000700
07001900070019000700190007001900070019000000000000040820220408202204082022040820220408202207000700070007000700
07001900070019000700190007001900070019000000000000110820221108202211082022110820221108202207000700070007000700
0700190007001900070019000700190007001900
0000000000180820221808202218082022180820221808202207000700070007000700
