/dev/ttyACM0
2022-07-12 15:08:57
0700190007001900070019000700190007001900
070019000700190007001900070019000700190000000000000000000000
0700190007001900070019000700190007001900
070019000700190007001900070019000700190000000000000000000000
190720221907202219072022190720221907202207000700070007000700
190720221907202219072022190720221907202207000700070007000700
0700190007001900070019000700190007001900
070019000700190007001900070019000700190000000000000000000000
090820220908202209082022090820220908202207000700070007000700
090820220908202209082022090820220908202207000700070007000700
HH:MM:SS MO/DY/YEAR LED01 PIR01 LED02 PIR02 LED03 PIR03 LED04 PIR04 LED05 PIR05 LED06 PIR06 LED07 PIR07 LED08 PIR08 LED09 PIR09 LED10 PIR10
15:10:00 07/12/2022 00001 00125 00001 00093 00001 00000 00001 00111 00001 00180 00001 01000 00001 00948 00001 00015 00001 01000 00001 01000  
15:11:00 07/12/2022 00001 00000 00001 00000 00001 00000 00001 00000 00001 00000 00001 01000 00001 01000 00001 00000 00001 01000 00001 01000  
15:12:00 07/12/2022 00001 00038 00001 00000 00001 00000 00001 00111 00001 00000 00001 01000 00001 01000 00001 00000 00001 01000 00001 01000  
15:13:00 07/12/2022 00001 00039 00001 00037 00001 00000 00001 00074 00001 00000 00001 01000 00001 01000 00001 00000 00001 01000 00001 01000  
15:14:00 07/12/2022 00001 00000 00001 00000 00001 00000 00001 00000 00001 00000 00001 01000 00001 01000 00001 00000 00001 01000 00001 01000  
15:15:00 07/12/2022 00001 00000 00001 00000 00001 00000 00001 00000 00001 00000 00001 01000 00001 01000 00001 00000 00001 01000 00001 01000  
15:16:00 07/12/2022 00001 00229 00001 00074 00001 00000 00001 00369 00001 00072 00001 01000 00001 01000 00001 00000 00001 01000 00001 01000  
15:17:00 07/12/2022 00001 00152 00001 00111 00001 00072 00001 00221 00001 00259 00001 01000 00001 01000 00001 00000 00001 01000 00001 01000  
15:19:00 07/12/2022 00001 00077 00001 00111 00001 00000 00001 00111 00001 00122 00001 01000 00001 01000 00001 00000 00001 01000 00001 01000  
15:20:00 07/12/2022 00001 00039 00001 00037 00001 00000 00001 00074 00001 00077 00001 01000 00001 01000 00001 00000 00001 01000 00001 01000  
15:21:00 07/12/2022 00001 00039 00001 00000 00001 00000 00001 00037 00001 00075 00001 01000 00001 01000 00001 00000 00001 01000 00001 01000  
15:22:00 07/12/2022 00001 00038 00001 00000 00001 00000 00001 00111 00001 00000 00001 01000 00001 01000 00001 00000 00001 01000 00001 01000  
15:23:00 07/12/2022 00001 00000 00001 00000 00001 00000 00001 00000 00001 00000 00001 01000 00001 01000 00001 00000 00001 01000 00001 01000  
15:24:00 07/12/2022 00001 00000 00001 00000 00001 00000 00001 00037 00001 00000 00001 01000 00001 01000 00001 00000 00001 01000 00001 01000  
15:25:00 07/12/2022 00001 00000 00001 00000 00001 00000 00001 00000 00001 00000 00001 01000 00001 01000 00001 00000 00001 01000 00001 01000  
15:26:00 07/12/2022 00001 00000 00001 00000 00001 00000 00001 00037 00001 00000 00001 01000 00001 01000 00001 00000 00001 01000 00001 01000  
15:28:00 07/12/2022 00001 00077 00001 00074 00001 00000 00001 00110 00001 00104 00001 01000 00001 01000 00001 00000 00001 01000 00001 01000  
15:29:00 07/12/2022 00001 00114 00001 00037 00001 00000 00001 00111 00001 00075 00001 01000 00001 01000 00001 00000 00001 01000 00001 01000  
15:30:00 07/12/2022 00001 00000 00001 00037 00001 00000 00001 00000 00001 00000 00001 01000 00001 01000 00001 00000 00001 01000 00001 01000  
15:31:00 07/12/2022 00001 00000 00001 00000 00001 00000 00001 00030 00001 00000 00001 01000 00001 01000 00001 00000 00001 01000 00001 01000  
15:32:00 07/12/2022 00001 00307 00001 00000 00001 00000 00001 00302 00001 00000 00001 01000 00001 01000 00001 00000 00001 01000 00001 01000  
15:33:00 07/12/2022 00001 00000 00001 00000 00001 00000 00001 00000 00001 00000 00001 01000 00001 01000 00001 00000 00001 01000 00001 01000  
15:34:00 07/12/2022 00001 00038 00001 00000 00001 00000 00001 00078 00001 00000 00001 01000 00001 01000 00001 00000 00001 01000 00001 01000  
15:35:00 07/12/2022 00001 00000 00001 00037 00001 00000 00001 00070 00001 00000 00001 01000 00001 01000 00001 00000 00001 01000 00001 01000  
15:37:00 07/12/2022 00001 00000 00001 00000 00001 00000 00001 00000 00001 00000 00001 01000 00001 01000 00001 00000 00001 01000 00001 01000  
15:38:00 07/12/2022 00001 00116 00001 00000 00001 00000 00001 00111 00001 00000 00001 01000 00001 01000 00001 00000 00001 01000 00001 01000  
15:39:00 07/12/2022 00001 00038 00001 00000 00001 00000 00001 00037 00001 00000 00001 01000 00001 01000 00001 00000 00001 01000 00001 01000  
15:40:00 07/12/2022 00001 00077 00001 00074 00001 00000 00001 00073 00001 00138 00001 01000 00001 01000 00001 00000 00001 01000 00001 01000  
15:41:00 07/12/2022 00001 00115 00001 00038 00001 00036 00001 00111 00001 00099 00001 01000 00001 01000 00001 00000 00001 01000 00001 01000  
15:42:00 07/12/2022 00001 00152 00001 00000 00001 00000 00001 00221 00001 00000 00001 01000 00001 01000 00001 00000 00001 01000 00001 01000  
15:43:00 07/12/2022 00001 00077 00001 00000 00001 00000 00001 00111 00001 00000 00001 01000 00001 01000 00001 00000 00001 01000 00001 01000  
15:44:00 07/12/2022 00001 00039 00001 00000 00001 00000 00001 00037 00001 00000 00001 01000 00001 01000 00001 00000 00001 01000 00001 01000  
15:46:00 07/12/2022 00001 00038 00001 00000 00001 00000 00001 00000 00001 00000 00001 01000 00001 01000 00001 00000 00001 01000 00001 01000  
15:47:00 07/12/2022 00001 00115 00001 00000 00001 00000 00001 00037 00001 00000 00001 01000 00001 01000 00001 00000 00001 01000 00001 01000  
15:48:00 07/12/2022 00001 00077 00001 00000 00001 00000 00001 00148 00001 00000 00001 01000 00001 01000 00001 00000 00001 01000 00001 01000  
15:49:00 07/12/2022 00001 00000 00001 00000 00001 00000 00001 00037 00001 00000 00001 01000 00001 01000 00001 00000 00001 01000 00001 01000  
15:50:00 07/12/2022 00001 00000 00001 00000 00001 00000 00001 00037 00001 00000 00001 01000 00001 01000 00001 00000 00001 01000 00001 01000  
15:51:00 07/12/2022 00001 00150 00001 00021 00001 00000 00001 00213 00001 00087 00001 01000 00001 01000 00001 00000 00001 01000 00001 01000  
15:52:00 07/12/2022 00001 00192 00001 00016 00001 00000 00001 00192 00001 00238 00001 01000 00001 01000 00001 00000 00001 01000 00001 01000  
15:53:00 07/12/2022 00001 00000 00001 00000 00001 00000 00001 00000 00001 00000 00001 01000 00001 01000 00001 00000 00001 01000 00001 01000  
15:55:00 07/12/2022 00001 00076 00001 00074 00001 00000 00001 00037 00001 00072 00001 01000 00001 01000 00001 00000 00001 01000 00001 01000  
15:56:00 07/12/2022 00001 00000 00001 00000 00001 00000 00001 00000 00001 00000 00001 01000 00001 01000 00001 00000 00001 01000 00001 01000  
15:57:00 07/12/2022 00001 00077 00001 00037 00001 00000 00001 00037 00001 00076 00001 01000 00001 01000 00001 00000 00001 01000 00001 01000  
15:58:00 07/12/2022 00001 00191 00001 00037 00001 00000 00001 00222 00001 00098 00001 01000 00001 01000 00001 00000 00001 01000 00001 01000  
15:59:00 07/12/2022 00001 00115 00001 00000 00001 00000 00001 00259 00001 00073 00001 01000 00001 01000 00001 00000 00001 01000 00001 01000  
16:00:00 07/12/2022 00001 00000 00001 00000 00001 00000 00001 00037 00001 00000 00001 01000 00001 01000 00001 00000 00001 01000 00001 01000  
16:01:00 07/12/2022 00001 00000 00001 00000 00001 00000 00001 00111 00001 00000 00001 01000 00001 01000 00001 00000 00001 01000 00001 01000  
16:02:00 07/12/2022 00001 00115 00001 00038 00001 00037 00001 00294 00001 00099 00001 01000 00001 01000 00001 00000 00001 01000 00001 01000  
16:04:00 07/12/2022 00001 00000 00001 00000 00001 00000 00001 00000 00001 00000 00001 01000 00001 01000 00001 00000 00001 01000 00001 01000  
16:05:00 07/12/2022 00001 00000 00001 00000 00001 00000 00001 00000 00001 00000 00001 01000 00001 01000 00001 00000 00001 01000 00001 01000  
16:06:00 07/12/2022 00001 00116 00001 00057 00001 00036 00001 00110 00001 00073 00001 01000 00001 01000 00001 00000 00001 01000 00001 01000  
16:07:00 07/12/2022 00001 00077 00001 00202 00001 00036 00001 00111 00001 00090 00001 01000 00001 01000 00001 00000 00001 01000 00001 01000  
16:08:00 07/12/2022 00001 00000 00001 00000 00001 00000 00001 00000 00001 00000 00001 01000 00001 01000 00001 00000 00001 01000 00001 01000  
16:09:00 07/12/2022 00001 00000 00001 00000 00001 00000 00001 00000 00001 00000 00001 01000 00001 01000 00001 00000 00001 01000 00001 01000  
16:10:00 07/12/2022 00001 00114 00001 00038 00001 00000 00001 00183 00001 00221 00001 01000 00001 01000 00001 00000 00001 01000 00001 01000  
16:11:00 07/12/2022 00001 00039 00001 00000 00001 00000 00001 00037 00001 00000 00001 01000 00001 01000 00001 00000 00001 01000 00001 01000  
16:13:00 07/12/2022 00001 00038 00001 00038 00001 00000 00001 00041 00001 00067 00001 01000 00001 01000 00001 00000 00001 01000 00001 01000  
16:14:00 07/12/2022 00001 00076 00001 00000 00001 00000 00001 00111 00001 00000 00001 01000 00001 01000 00001 00000 00001 01000 00001 01000  
16:15:00 07/12/2022 00001 00000 00001 00000 00001 00000 00001 00000 00001 00000 00001 01000 00001 01000 00001 00000 00001 01000 00001 01000  
16:16:00 07/12/2022 00001 00076 00001 00037 00001 00036 00001 00074 00001 00087 00001 01000 00001 01000 00001 00000 00001 01000 00001 01000  
16:17:00 07/12/2022 00001 00000 00001 00000 00001 00000 00001 00000 00001 00000 00001 01000 00001 01000 00001 00000 00001 01000 00001 01000  
16:18:00 07/12/2022 00001 00000 00001 00000 00001 00000 00001 00000 00001 00000 00001 01000 00001 01000 00001 00000 00001 01000 00001 01000  
16:19:00 07/12/2022 00001 00038 00001 00038 00001 00000 00001 00074 00001 00088 00001 01000 00001 01000 00001 00000 00001 01000 00001 01000  
16:20:00 07/12/2022 00001 00039 00001 00038 00001 00037 00001 00185 00001 00170 00001 01000 00001 01000 00001 00000 00001 01000 00001 01000  
16:22:00 07/12/2022 00001 00000 00001 00000 00001 00000 00001 00037 00001 00000 00001 01000 00001 01000 00001 00000 00001 01000 00001 01000  
16:23:00 07/12/2022 00001 00000 00001 00000 00001 00000 00001 00000 00001 00000 00001 01000 00001 01000 00001 00000 00001 01000 00001 01000  
16:24:00 07/12/2022 00001 00000 00001 00000 00001 00000 00001 00074 00001 00000 00001 01000 00001 01000 00001 00000 00001 01000 00001 01000  
16:25:00 07/12/2022 00001 00000 00001 00000 00001 00000 00001 00000 00001 00000 00001 01000 00001 01000 00001 00000 00001 01000 00001 01000  
16:26:00 07/12/2022 00001 00000 00001 00000 00001 00000 00001 00000 00001 00000 00001 01000 00001 01000 00001 00000 00001 01000 00001 01000  
16:27:00 07/12/2022 00001 00000 00001 00000 00001 00000 00001 00000 00001 00000 00001 01000 00001 01000 00001 00000 00001 01000 00001 01000  
16:28:00 07/12/2022 00001 00039 00001 00000 00001 00000 00001 00073 00001 00000 00001 01000 00001 01000 00001 00000 00001 01000 00001 01000  
16:29:00 07/12/2022 00001 00499 00001 00481 00001 00129 00001 00553 00001 00747 00001 01000 00001 01000 00001 00000 00001 01000 00001 01000  
16:31:00 07/12/2022 00001 00111 00001 00111 00001 00000 00001 00104 00001 00076 00001 01000 00001 01000 00001 00000 00001 01000 00001 01000  
16:32:00 07/12/2022 00001 00119 00001 00149 00001 00072 00001 00154 00001 00120 00001 01000 00001 01000 00001 00000 00001 01000 00001 01000  
16:33:00 07/12/2022 00001 00000 00001 00111 00001 00000 00001 00074 00001 00000 00001 01000 00001 01000 00001 00000 00001 01000 00001 01000  
16:34:00 07/12/2022 00001 00000 00001 00074 00001 00037 00001 00074 00001 00000 00001 01000 00001 01000 00001 00000 00001 01000 00001 01000  
16:35:00 07/12/2022 00001 00000 00001 00000 00001 00000 00001 00000 00001 00000 00001 01000 00001 01000 00001 00000 00001 01000 00001 01000  
16:36:00 07/12/2022 00001 00000 00001 00074 00001 00036 00001 00037 00001 00000 00001 01000 00001 01000 00001 00000 00001 01000 00001 01000  
16:37:00 07/12/2022 00001 00039 00001 00111 00001 00000 00001 00037 00001 00072 00001 01000 00001 01000 00001 00000 00001 01000 00001 01000  
16:38:00 07/12/2022 00001 00115 00001 00111 00001 00036 00001 00147 00001 00121 00001 01000 00001 01000 00001 00000 00001 01000 00001 01000  
16:40:00 07/12/2022 00001 00153 00001 00074 00001 00000 00001 00111 00001 00107 00001 01000 00001 01000 00001 00000 00001 01000 00001 01000  
16:41:00 07/12/2022 00001 00038 00001 00000 00001 00000 00001 00037 00001 00000 00001 01000 00001 01000 00001 00000 00001 01000 00001 01000  
16:42:00 07/12/2022 00001 00077 00001 00000 00001 00000 00001 00073 00001 00000 00001 01000 00001 01000 00001 00000 00001 01000 00001 01000  
16:43:00 07/12/2022 00001 00000 00001 00000 00001 00000 00001 00000 00001 00000 00001 01000 00001 01000 00001 00000 00001 01000 00001 01000  
16:44:00 07/12/2022 00001 00038 00001 00000 00001 00000 00001 00074 00001 00000 00001 01000 00001 01000 00001 00000 00001 01000 00001 01000  
16:45:00 07/12/2022 00001 00115 00001 00000 00001 00000 00001 00110 00001 00000 00001 01000 00001 01000 00001 00000 00001 01000 00001 01000  
16:46:00 07/12/2022 00001 00000 00001 00000 00001 00000 00001 00000 00001 00000 00001 01000 00001 01000 00001 00000 00001 01000 00001 01000  
16:47:00 07/12/2022 00001 00078 00001 00000 00001 00000 00001 00074 00001 00000 00001 01000 00001 01000 00001 00000 00001 01000 00001 01000  
16:49:00 07/12/2022 00001 00000 00001 00000 00001 00000 00001 00000 00001 00000 00001 01000 00001 01000 00001 00000 00001 01000 00001 01000  
16:50:00 07/12/2022 00001 00000 00001 00000 00001 00000 00001 00000 00001 00000 00001 01000 00001 01000 00001 00000 00001 01000 00001 01000  
16:51:00 07/12/2022 00001 00116 00001 00037 00001 00000 00001 00074 00001 00000 00001 01000 00001 01000 00001 00000 00001 01000 00001 01000  
16:52:00 07/12/2022 00001 00038 00001 00000 00001 00000 00001 00037 00001 00000 00001 01000 00001 01000 00001 00000 00001 01000 00001 01000  
16:53:00 07/12/2022 00001 00039 00001 00000 00001 00000 00001 00037 00001 00000 00001 01000 00001 01000 00001 00000 00001 01000 00001 01000  
16:54:00 07/12/2022 00001 00077 00001 00000 00001 00000 00001 00111 00001 00000 00001 01000 00001 01000 00001 00000 00001 01000 00001 01000  
16:55:00 07/12/2022 00001 00000 00001 00000 00001 00000 00001 00000 00001 00000 00001 01000 00001 01000 00001 00000 00001 01000 00001 01000  
16:56:00 07/12/2022 00001 00038 00001 00000 00001 00000 00001 00000 00001 00000 00001 01000 00001 01000 00001 00000 00001 01000 00001 01000  
16:58:00 07/12/2022 00001 00000 00001 00000 00001 00000 00001 00000 00001 00000 00001 01000 00001 01000 00001 00000 00001 01000 00001 01000  
16:59:00 07/12/2022 00001 00000 00001 00000 00001 00000 00001 00000 00001 00000 00001 01000 00001 01000 00001 00000 00001 01000 00001 01000  
17:00:00 07/12/2022 00001 00115 00001 00111 00001 00036 00001 00111 00001 00161 00001 01000 00001 01000 00001 00000 00001 01000 00001 01000  
17:01:00 07/12/2022 00001 00038 00001 00000 00001 00000 00001 00037 00001 00000 00001 01000 00001 01000 00001 00000 00001 01000 00001 01000  
