/dev/ttyACM0
2022-08-05 17:11:42
0700190007001900070019000700190007001900
0000000000
0700190007001900070019000700190007001900
0000000000
120820221208202212082022120820221208202207000700070007000700
0700190007001900070019000700190007001900
0000000000
190820221908202219082022190820221908202207000700070007000700
0700190007001900070019000700190007001900
0000000000
260820222608202226082022260820222608202207000700070007000700
0700190007001900070019000700190007001900
0000000000
020920220209202202092022020920220209202207000700070007000700
0700190007001900070019000700190007001900
0000000000
090920220909202209092022090920220909202207000700070007000700
0700190007001900070019000700190007001900
0000000000
160920221609202216092022160920221609202207000700070007000700
0700190007001900070019000700190007001900
0000000000
230920222309202223092022230920222309202207000700070007000700
0700190007001900070019000700190007001900
0000000000
300920223009202230092022300920223009202207000700070007000700
0700190007001900070019000700190007001900
0000000000
071020220710202207102022071020220710202207000700070007000700
0700190007001900070019000700190007001900
0000000000
141020221410202214102022141020221410202207000700070007000700
0700190007001900070019000700190007001900
0000000000
211020222110202221102022211020222110202207000700070007000700
HH:MM:SS MO/DY/YEAR LED01 PIR01 LED02 PIR02 LED03 PIR03 LED04 PIR04 LED05 PIR05
17:13:59 08/05/2022 00001 00300 00001 00300 00001 00300 00001 00300 00001 00300  
