/dev/ttyACM0
2022-08-17 10:16:22
0700190007001900070019000700190007001900
070019000700190007001900070019000700190000000000000000000000
0700190007001900070019000700190007001900
070019000700190007001900070019000700190000000000000000000000
240820222408202224082022240820222408202207000700070007000700
240820222408202224082022240820222408202207000700070007000700
0700190007001900070019000700190007001900
070019000700190007001900070019000700190000000000000000000000
140920221409202214092022140920221409202207000700070007000700
140920221409202214092022140920221409202207000700070007000700
