COM3
2023-09-12 18:06:30
0700190007001919070019190700191907001919
0000000000
0700190007001900070019000700190007001900
0000000000
190920231909202319092023190920231909202307000700070007000700
0700190007001900070019000700190007001900
0000000000
260920232609202326092023260920232609202307000700070007000700
0700190007001900070019000700190007001900
0000000000
031020230310202303102023031020230310202307000700070007000700
0700190007001900070019000700190007001900
0000000000
101020231010202310102023101020231010202307000700070007000700
0700190007001900070019000700190007001900
0000000000
171020231710202317102023171020231710202307000700070007000700
0700190007001900070019000700190007001900
0000000000
241020232410202324102023241020232410202307000700070007000700
0700190007001900070019000700190007001900
0000000000
311020233110202331102023311020233110202307000700070007000700
0700190007001900070019000700190007001900
0000000000
071120230711202307112023071120230711202307000700070007000700
0700190007001900070019000700190007001900
0000000000
141120231411202314112023141120231411202307000700070007000700
0700190007001900070019000700190007001900
0000000000
211120232111202321112023211120232111202307000700070007000700
0700190007001900070019000700190007001900
0000000000
281120232811202328112023281120232811202307000700070007000700
HH:MM:SS MO/DY/YEAR LED01 PIR01 LED02 PIR02 LED03 PIR03 LED04 PIR04 LED05 PIR05
18:08:59 09/12/2023 00001 00298 00001 00300 00001 00298 00001 00300 00001 00300  
18:09:59 09/12/2023 00001 00300 00001 00300 00001 00300 00001 00300 00001 00300  
18:10:59 09/12/2023 00001 00300 00001 00300 00001 00300 00001 00300 00001 00300  
18:11:59 09/12/2023 00001 00300 00001 00300 00001 00300 00001 00300 00001 00300  
18:12:59 09/12/2023 00001 00300 00001 00300 00001 00300 00001 00300 00001 00300  
18:13:59 09/12/2023 00001 00300 00001 00300 00001 00300 00001 00300 00001 00300  
18:14:59 09/12/2023 00001 00300 00001 00300 00001 00300 00001 00300 00001 00300  
18:15:59 09/12/2023 00001 00300 00001 00300 00001 00300 00001 00300 00001 00300  
18:16:59 09/12/2023 00001 00300 00001 00300 00001 00300 00001 00300 00001 00300  
18:17:59 09/12/2023 00001 00300 00001 00300 00001 00300 00001 00300 00001 00300  
