COM3
2023-09-14 12:09:27
0700190007001919070019190700191907001919
0000000000
0700190007001900070019000700190007001900
0000000000
210920232109202321092023210920232109202307000700070007000700
0700190007001900070019000700190007001900
0000000000
280920232809202328092023280920232809202307000700070007000700
0700190007001900070019000700190007001900
0000000000
051020230510202305102023051020230510202307000700070007000700
0700190007001900070019000700190007001900
0000000000
121020231210202312102023121020231210202307000700070007000700
0700190007001900070019000700190007001900
0000000000
191020231910202319102023191020231910202307000700070007000700
0700190007001900070019000700190007001900
0000000000
261020232610202326102023261020232610202307000700070007000700
0700190007001900070019000700190007001900
0000000000
021120230211202302112023021120230211202307000700070007000700
0700190007001900070019000700190007001900
0000000000
091120230911202309112023091120230911202307000700070007000700
0700190007001900070019000700190007001900
0000000000
161120231611202316112023161120231611202307000700070007000700
0700190007001900070019000700190007001900
0000000000
231120232311202323112023231120232311202307000700070007000700
0700190007001900070019000700190007001900
0000000000
301120233011202330112023301120233011202307000700070007000700
HH:MM:SS MO/DY/YEAR LED01 PIR01 LED02 PIR02 LED03 PIR03 LED04 PIR04 LED05 PIR05
12:11:00 09/14/2023 00001 00298 00001 00300 00001 00298 00001 00300 00001 00300  
12:12:00 09/14/2023 00001 00300 00001 00300 00001 00300 00001 00300 00001 00300  
12:13:00 09/14/2023 00001 00300 00001 00300 00001 00300 00001 00300 00001 00300  
12:14:00 09/14/2023 00001 00300 00001 00300 00001 00300 00001 00300 00001 00300  
12:15:00 09/14/2023 00001 00300 00001 00300 00001 00300 00001 00300 00001 00300  
12:16:00 09/14/2023 00001 00300 00001 00300 00001 00300 00001 00300 00001 00300  
