HH:MM:SS MO/DY/YEAR LED01 PIR01 LED02 PIR02 LED03 PIR03 LED04 PIR04 LED05 PIR05
16:44:00 07/19/2022 00000 00000 00000 00140 00001 00000 00001 00074 00001 00000  
16:45:00 07/19/2022 00000 00000 00000 00000 00001 00000 00001 00000 00001 00000  
16:46:00 07/19/2022 00000 00000 00000 00070 00001 00000 00001 00050 00001 00000  
16:47:00 07/19/2022 00000 00000 00000 00024 00001 00024 00001 00024 00001 00000  
16:48:00 07/19/2022 00000 00000 00000 00070 00001 00000 00001 00073 00001 00000  
16:49:00 07/19/2022 00000 00000 00000 00000 00001 00000 00001 00000 00001 00000  
16:50:00 07/19/2022 00000 00000 00000 00047 00001 00000 00001 00000 00001 00000  
16:51:00 07/19/2022 00000 00000 00000 00000 00001 00000 00001 00000 00001 00000  
16:52:00 07/19/2022 00000 00000 00000 00047 00001 00000 00001 00000 00001 00000  
16:53:00 07/19/2022 00000 00000 00000 00000 00001 00024 00001 00000 00001 00000  
16:54:00 07/19/2022 00000 00000 00000 00047 00001 00000 00001 00050 00001 00000  
16:55:00 07/19/2022 00000 00000 00000 00089 00001 00000 00001 00071 00001 00000  
16:56:00 07/19/2022 00000 00000 00000 00327 00001 00024 00001 00247 00001 00000  
16:57:00 07/19/2022 00000 00000 00000 00093 00001 00000 00001 00098 00001 00000  
16:58:00 07/19/2022 00000 00000 00000 00047 00001 00000 00001 00024 00001 00000  
16:59:00 07/19/2022 00000 00000 00000 00164 00001 00000 00001 00099 00001 00000  
17:00:00 07/19/2022 00000 00000 00000 00048 00001 00024 00001 00000 00001 00000  
17:01:00 07/19/2022 00000 00000 00000 00111 00001 00000 00001 00072 00001 00000  
17:02:00 07/19/2022 00000 00000 00000 00254 00001 00000 00001 00073 00001 00000  
17:03:00 07/19/2022 00000 00000 00000 00157 00001 00000 00001 00068 00001 00000  
17:04:00 07/19/2022 00000 00000 00000 00000 00001 00000 00001 00000 00001 00000  
17:05:00 07/19/2022 00000 00000 00000 00117 00001 00000 00001 00075 00001 00000  
17:06:00 07/19/2022 00000 00000 00000 00187 00001 00000 00001 00024 00001 00000  
17:07:00 07/19/2022 00000 00000 00000 00070 00001 00000 00001 00024 00001 00000  
17:08:00 07/19/2022 00000 00000 00000 00024 00001 00000 00001 00000 00001 00000  
17:09:00 07/19/2022 00000 00000 00000 00116 00001 00024 00001 00098 00001 00000  
17:10:00 07/19/2022 00000 00000 00000 00046 00001 00000 00001 00049 00001 00000  
17:11:00 07/19/2022 00000 00000 00000 00044 00001 00025 00001 00049 00001 00000  
17:12:00 07/19/2022 00000 00000 00000 00071 00001 00000 00001 00049 00001 00000  
17:13:00 07/19/2022 00000 00000 00000 00095 00001 00000 00001 00075 00001 00000  
17:14:00 07/19/2022 00000 00000 00000 00024 00001 00000 00001 00026 00001 00000  
17:15:00 07/19/2022 00000 00000 00000 00024 00001 00000 00001 00000 00001 00000  
17:16:00 07/19/2022 00000 00000 00000 00024 00001 00000 00001 00000 00001 00000  
17:17:00 07/19/2022 00000 00000 00000 00071 00001 00000 00001 00000 00001 00000  
17:18:00 07/19/2022 00000 00000 00000 00000 00001 00000 00001 00000 00001 00000  
17:19:00 07/19/2022 00000 00000 00000 00023 00001 00000 00001 00000 00001 00000  
17:20:00 07/19/2022 00000 00000 00000 00071 00001 00000 00001 00025 00001 00000  
17:21:00 07/19/2022 00000 00000 00000 00094 00001 00000 00001 00049 00001 00000  
17:22:00 07/19/2022 00000 00000 00000 00093 00001 00000 00001 00075 00001 00000  
17:23:00 07/19/2022 00000 00000 00000 00048 00001 00000 00001 00000 00001 00000  
17:24:00 07/19/2022 00000 00000 00000 00117 00001 00048 00001 00049 00001 00000  
17:25:00 07/19/2022 00000 00000 00000 00071 00001 00000 00001 00025 00001 00000  
17:26:00 07/19/2022 00000 00000 00000 00000 00001 00000 00001 00000 00001 00000  
17:27:00 07/19/2022 00000 00000 00000 00024 00001 00000 00001 00000 00001 00000  
17:28:00 07/19/2022 00000 00000 00000 00024 00001 00000 00001 00025 00001 00000  
17:29:00 07/19/2022 00000 00000 00000 00000 00001 00000 00001 00000 00001 00000  
17:30:00 07/19/2022 00000 00000 00000 00024 00001 00000 00001 00000 00001 00000  
17:31:00 07/19/2022 00000 00000 00000 00070 00001 00000 00001 00000 00001 00000  
17:32:00 07/19/2022 00000 00000 00000 00024 00001 00000 00001 00000 00001 00000  
17:33:00 07/19/2022 00000 00000 00000 00024 00001 00000 00001 00000 00001 00000  
17:34:00 07/19/2022 00000 00000 00000 00023 00001 00000 00001 00000 00001 00000  
17:35:00 07/19/2022 00000 00000 00000 00000 00001 00000 00001 00000 00001 00000  
17:36:00 07/19/2022 00000 00000 00000 00000 00001 00024 00001 00024 00001 00000  
17:37:00 07/19/2022 00000 00000 00000 00166 00001 00000 00001 00049 00001 00000  
17:38:00 07/19/2022 00000 00000 00000 00000 00001 00000 00001 00000 00001 00000  
17:39:00 07/19/2022 00000 00000 00000 00025 00001 00024 00001 00000 00001 00000  
17:40:00 07/19/2022 00000 00000 00000 00000 00001 00024 00001 00000 00001 00099  
17:41:00 07/19/2022 00000 00000 00000 00000 00001 00024 00001 00011 00001 00004  
17:42:00 07/19/2022 00000 00000 00000 00000 00001 00000 00001 00298 00001 00036  
17:43:00 07/19/2022 00000 00000 00000 00000 00001 00024 00001 00049 00001 00000  
17:44:00 07/19/2022 00000 00000 00000 00118 00001 00000 00001 00029 00001 00000  
17:45:00 07/19/2022 00000 00000 00000 00048 00001 00000 00001 00009 00001 00000  
17:46:00 07/19/2022 00000 00000 00000 00000 00001 00024 00001 00000 00001 00000  
17:47:00 07/19/2022 00000 00000 00000 00024 00001 00048 00001 00000 00001 00000  
17:48:00 07/19/2022 00000 00000 00000 00025 00001 00024 00001 00000 00001 00000  
17:49:00 07/19/2022 00000 00000 00000 00109 00001 00024 00001 00049 00001 00000  
17:50:00 07/19/2022 00000 00000 00000 00073 00001 00000 00001 00025 00001 00000  
17:51:00 07/19/2022 00000 00000 00000 00000 00001 00000 00001 00000 00001 00000  
17:52:00 07/19/2022 00000 00000 00000 00000 00001 00025 00001 00000 00001 00000  
17:53:00 07/19/2022 00000 00000 00000 00000 00001 00000 00001 00000 00001 00000  
17:54:00 07/19/2022 00000 00000 00000 00000 00001 00000 00001 00000 00001 00000  
17:55:00 07/19/2022 00000 00000 00000 00000 00001 00000 00001 00000 00001 00000  
17:56:00 07/19/2022 00000 00000 00000 00097 00001 00000 00001 00024 00001 00000  
17:57:00 07/19/2022 00000 00000 00000 00048 00001 00000 00001 00000 00001 00000  
17:58:00 07/19/2022 00000 00000 00000 00048 00001 00024 00001 00049 00001 00000  
17:59:00 07/19/2022 00000 00000 00000 00098 00001 00024 00001 00049 00001 00000  
18:00:00 07/19/2022 00000 00000 00000 00101 00001 00000 00001 00048 00001 00000  
18:01:00 07/19/2022 00000 00000 00000 00035 00001 00000 00001 00024 00001 00000  
18:02:00 07/19/2022 00000 00000 00000 00145 00001 00000 00001 00048 00001 00000  
18:03:00 07/19/2022 00000 00000 00000 00048 00001 00024 00001 00000 00001 00000  
18:04:00 07/19/2022 00000 00000 00000 00040 00001 00000 00001 00024 00001 00000  
18:05:00 07/19/2022 00000 00000 00000 00063 00001 00000 00001 00000 00001 00000  
18:06:00 07/19/2022 00000 00000 00000 00021 00001 00024 00001 00000 00001 00000  
18:07:00 07/19/2022 00000 00000 00000 00022 00001 00000 00001 00000 00001 00000  
18:08:00 07/19/2022 00000 00000 00000 00022 00001 00000 00001 00000 00001 00000  
18:09:00 07/19/2022 00000 00000 00000 00000 00001 00019 00001 00000 00001 00000  
18:10:00 07/19/2022 00000 00000 00000 00000 00001 00242 00001 00048 00001 00000  
18:11:00 07/19/2022 00000 00000 00000 00000 00001 00280 00001 00000 00001 00000  
18:12:00 07/19/2022 00000 00000 00000 00000 00001 00284 00001 00000 00001 00000  
18:13:00 07/19/2022 00000 00000 00000 00000 00001 00284 00001 00000 00001 00000  
18:14:00 07/19/2022 00000 00000 00000 00000 00001 00277 00001 00000 00001 00000  
18:15:00 07/19/2022 00000 00000 00000 00000 00001 00231 00001 00000 00001 00000  
18:16:00 07/19/2022 00000 00000 00000 00067 00001 00206 00001 00000 00001 00000  
18:17:00 07/19/2022 00000 00000 00000 00000 00001 00283 00001 00000 00001 00000  
18:18:00 07/19/2022 00000 00000 00000 00000 00001 00283 00001 00000 00001 00000  
18:19:00 07/19/2022 00000 00000 00000 00000 00001 00264 00001 00000 00001 00000  
18:20:00 07/19/2022 00000 00000 00000 00000 00001 00289 00001 00000 00001 00000  
18:21:00 07/19/2022 00000 00000 00000 00000 00001 00236 00001 00000 00001 00000  
18:22:00 07/19/2022 00000 00000 00000 00000 00001 00239 00001 00000 00001 00000  
18:23:00 07/19/2022 00000 00000 00000 00000 00001 00240 00001 00000 00001 00000  
18:24:00 07/19/2022 00000 00000 00000 00000 00001 00170 00001 00000 00001 00000  
18:25:00 07/19/2022 00000 00000 00000 00000 00001 00145 00001 00000 00001 00000  
18:26:00 07/19/2022 00000 00000 00000 00000 00001 00289 00001 00000 00001 00000  
18:27:00 07/19/2022 00000 00000 00000 00023 00001 00192 00001 00000 00001 00000  
18:28:00 07/19/2022 00000 00000 00000 00038 00001 00217 00001 00000 00001 00000  
18:29:00 07/19/2022 00000 00000 00000 00065 00001 00289 00001 00025 00001 00000  
18:30:00 07/19/2022 00000 00000 00000 00067 00001 00291 00001 00000 00001 00000  
18:31:00 07/19/2022 00000 00000 00000 00084 00001 00289 00001 00025 00001 00000  
18:32:00 07/19/2022 00000 00000 00000 00068 00001 00289 00001 00000 00001 00000  
18:33:00 07/19/2022 00000 00000 00000 00072 00001 00218 00001 00025 00001 00000  
18:34:00 07/19/2022 00000 00000 00000 00000 00001 00243 00001 00000 00001 00000  
18:35:00 07/19/2022 00000 00000 00000 00082 00001 00218 00001 00025 00001 00000  
18:36:00 07/19/2022 00000 00000 00000 00000 00001 00107 00001 00000 00001 00000  
18:37:00 07/19/2022 00000 00000 00000 00000 00001 00195 00001 00000 00001 00000  
18:38:00 07/19/2022 00000 00000 00000 00000 00001 00157 00001 00000 00001 00000  
18:39:00 07/19/2022 00000 00000 00000 00000 00001 00266 00001 00000 00001 00000  
18:40:00 07/19/2022 00000 00000 00000 00000 00001 00241 00001 00000 00001 00000  
18:41:00 07/19/2022 00000 00000 00000 00000 00001 00288 00001 00000 00001 00000  
18:42:00 07/19/2022 00000 00000 00000 00000 00001 00182 00001 00000 00001 00000  
18:43:00 07/19/2022 00000 00000 00000 00000 00001 00192 00001 00000 00001 00000  
18:44:00 07/19/2022 00000 00000 00000 00000 00001 00258 00001 00000 00001 00000  
18:45:00 07/19/2022 00000 00000 00000 00000 00001 00240 00001 00000 00001 00000  
18:46:00 07/19/2022 00000 00000 00000 00045 00001 00096 00001 00025 00001 00000  
18:47:00 07/19/2022 00000 00000 00000 00000 00001 00000 00001 00000 00001 00000  
18:48:00 07/19/2022 00000 00000 00000 00000 00001 00024 00001 00000 00001 00000  
18:49:00 07/19/2022 00000 00000 00000 00000 00001 00000 00001 00000 00001 00000  
18:50:00 07/19/2022 00000 00000 00000 00000 00001 00096 00001 00000 00001 00000  
18:51:00 07/19/2022 00000 00000 00000 00000 00001 00000 00001 00000 00001 00000  
18:52:00 07/19/2022 00000 00000 00000 00000 00001 00097 00001 00000 00001 00000  
18:53:00 07/19/2022 00000 00000 00000 00000 00001 00048 00001 00000 00001 00000  
18:54:00 07/19/2022 00000 00000 00000 00022 00001 00034 00001 00024 00001 00000  
18:55:00 07/19/2022 00000 00000 00000 00000 00001 00150 00001 00000 00001 00000  
18:56:00 07/19/2022 00000 00000 00000 00000 00001 00000 00001 00000 00001 00000  
18:57:00 07/19/2022 00000 00000 00000 00000 00001 00024 00001 00000 00001 00000  
18:58:00 07/19/2022 00000 00000 00000 00000 00001 00193 00001 00000 00001 00000  
18:59:00 07/19/2022 00000 00000 00000 00023 00001 00024 00001 00000 00001 00000  
19:00:00 07/19/2022 00000 00000 00000 00000 00001 00170 00001 00000 00001 00000  
19:01:00 07/19/2022 00000 00000 00001 00024 00001 00120 00001 00000 00001 00000  
19:02:00 07/19/2022 00000 00000 00001 00049 00001 00120 00001 00025 00001 00000  
19:03:00 07/19/2022 00000 00000 00001 00000 00001 00048 00001 00000 00001 00000  
19:04:00 07/19/2022 00000 00000 00001 00000 00001 00024 00001 00000 00001 00000  
19:05:00 07/19/2022 00000 00000 00001 00000 00001 00000 00001 00000 00001 00000  
19:06:00 07/19/2022 00000 00000 00001 00000 00001 00000 00001 00000 00001 00000  
19:07:00 07/19/2022 00000 00000 00001 00000 00001 00000 00001 00000 00001 00000  
19:08:00 07/19/2022 00000 00000 00001 00000 00001 00026 00001 00000 00001 00000  
19:09:00 07/19/2022 00000 00000 00001 00024 00001 00000 00001 00000 00001 00000  
19:10:00 07/19/2022 00000 00000 00001 00000 00001 00024 00001 00000 00001 00000  
19:11:00 07/19/2022 00000 00000 00001 00000 00001 00000 00001 00000 00001 00000  
19:12:00 07/19/2022 00000 00000 00001 00000 00001 00000 00001 00000 00001 00000  
19:13:00 07/19/2022 00000 00000 00001 00000 00001 00000 00001 00000 00001 00000  
19:14:00 07/19/2022 00000 00000 00001 00000 00001 00000 00001 00000 00001 00000  
19:15:00 07/19/2022 00000 00000 00001 00000 00001 00000 00001 00000 00001 00000  
19:16:00 07/19/2022 00000 00000 00001 00024 00001 00000 00001 00000 00001 00000  
19:17:00 07/19/2022 00000 00000 00001 00000 00001 00000 00001 00000 00001 00000  
19:18:00 07/19/2022 00000 00000 00001 00000 00001 00000 00001 00000 00001 00000  
19:19:00 07/19/2022 00000 00000 00001 00000 00001 00000 00001 00000 00001 00000  
19:20:00 07/19/2022 00000 00000 00001 00029 00001 00000 00001 00000 00001 00000  
19:21:00 07/19/2022 00000 00000 00001 00010 00001 00000 00001 00000 00001 00000  
19:22:00 07/19/2022 00000 00000 00001 00000 00001 00000 00001 00000 00001 00000  
19:23:00 07/19/2022 00000 00000 00001 00000 00001 00024 00001 00000 00001 00000  
19:24:00 07/19/2022 00000 00000 00001 00000 00001 00000 00001 00000 00001 00000  
19:25:00 07/19/2022 00000 00000 00001 00000 00001 00000 00001 00000 00001 00000  
19:26:00 07/19/2022 00000 00000 00001 00000 00001 00024 00001 00000 00001 00000  
19:27:00 07/19/2022 00000 00000 00001 00000 00001 00048 00001 00000 00001 00000  
19:28:00 07/19/2022 00000 00000 00001 00145 00001 00000 00001 00073 00001 00000  
19:29:00 07/19/2022 00000 00000 00001 00148 00001 00024 00001 00075 00001 00000  
19:30:00 07/19/2022 00000 00000 00001 00122 00001 00000 00001 00025 00001 00000  
19:31:00 07/19/2022 00000 00000 00001 00072 00001 00000 00001 00000 00001 00000  
19:32:00 07/19/2022 00000 00000 00001 00146 00001 00000 00001 00024 00001 00000  
19:33:00 07/19/2022 00000 00000 00001 00078 00001 00025 00001 00025 00001 00000  
19:34:00 07/19/2022 00000 00000 00001 00059 00001 00000 00001 00025 00001 00000  
19:35:00 07/19/2022 00000 00000 00001 00000 00001 00000 00001 00000 00001 00000  
19:36:00 07/19/2022 00000 00000 00001 00073 00001 00006 00001 00024 00001 00042  
19:37:00 07/19/2022 00000 00000 00001 00000 00001 00032 00001 00000 00001 00000  
19:38:00 07/19/2022 00000 00000 00001 00096 00001 00000 00001 00000 00001 00000  
19:39:00 07/19/2022 00000 00000 00001 00141 00001 00000 00001 00075 00001 00000  
19:40:00 07/19/2022 00000 00000 00001 00024 00001 00000 00001 00000 00001 00000  
19:41:00 07/19/2022 00000 00000 00001 00000 00001 00000 00001 00000 00001 00000  
19:42:00 07/19/2022 00000 00000 00001 00048 00001 00000 00001 00025 00001 00000  
19:43:00 07/19/2022 00000 00000 00001 00024 00001 00048 00001 00000 00001 00000  
19:44:00 07/19/2022 00000 00000 00001 00000 00001 00000 00001 00000 00001 00000  
19:45:00 07/19/2022 00000 00000 00001 00000 00001 00000 00001 00000 00001 00000  
19:46:00 07/19/2022 00000 00000 00001 00000 00001 00000 00001 00000 00001 00000  
19:47:00 07/19/2022 00000 00000 00001 00000 00001 00000 00001 00000 00001 00000  
19:48:00 07/19/2022 00000 00000 00001 00000 00001 00000 00001 00000 00001 00000  
19:49:00 07/19/2022 00000 00000 00001 00000 00001 00000 00001 00000 00001 00000  
19:50:00 07/19/2022 00000 00000 00001 00025 00001 00000 00001 00000 00001 00000  
19:51:00 07/19/2022 00000 00000 00001 00000 00001 00000 00001 00000 00001 00000  
19:52:00 07/19/2022 00000 00000 00001 00000 00001 00000 00001 00000 00001 00000  
19:53:00 07/19/2022 00000 00000 00001 00000 00001 00000 00001 00000 00001 00000  
19:54:00 07/19/2022 00000 00000 00001 00000 00001 00024 00001 00000 00001 00000  
19:55:00 07/19/2022 00000 00000 00001 00000 00001 00000 00001 00000 00001 00000  
19:56:00 07/19/2022 00000 00000 00001 00000 00001 00000 00001 00000 00001 00000  
19:57:00 07/19/2022 00000 00000 00001 00000 00001 00000 00001 00000 00001 00000  
19:58:00 07/19/2022 00000 00000 00001 00000 00001 00000 00001 00000 00001 00000  
19:59:00 07/19/2022 00000 00000 00001 00000 00001 00000 00001 00000 00001 00000  
20:00:00 07/19/2022 00000 00000 00001 00000 00001 00000 00001 00000 00001 00000  
20:01:00 07/19/2022 00000 00000 00001 00000 00001 00000 00001 00000 00001 00000  
20:02:00 07/19/2022 00000 00000 00001 00000 00001 00000 00001 00000 00001 00000  
20:03:00 07/19/2022 00000 00000 00001 00000 00001 00000 00001 00000 00001 00000  
20:04:00 07/19/2022 00000 00000 00001 00000 00001 00000 00001 00000 00001 00000  
20:05:00 07/19/2022 00000 00000 00001 00000 00001 00000 00001 00000 00001 00000  
20:06:00 07/19/2022 00000 00000 00001 00000 00001 00000 00001 00000 00001 00000  
20:07:00 07/19/2022 00000 00000 00001 00000 00001 00024 00001 00000 00001 00000  
20:08:00 07/19/2022 00000 00000 00001 00000 00001 00049 00001 00000 00001 00000  
20:09:00 07/19/2022 00000 00000 00001 00000 00001 00000 00001 00000 00001 00000  
20:10:00 07/19/2022 00000 00000 00001 00000 00001 00000 00001 00000 00001 00000  
20:11:00 07/19/2022 00000 00000 00001 00000 00001 00000 00001 00000 00001 00000  
20:12:00 07/19/2022 00000 00000 00001 00000 00001 00000 00001 00000 00001 00000  
20:13:00 07/19/2022 00000 00000 00001 00000 00001 00000 00001 00000 00001 00000  
20:14:00 07/19/2022 00000 00000 00001 00000 00001 00000 00001 00000 00001 00000  
20:15:00 07/19/2022 00000 00000 00001 00000 00001 00024 00001 00000 00001 00000  
20:16:00 07/19/2022 00000 00000 00001 00000 00001 00000 00001 00000 00001 00000  
20:17:00 07/19/2022 00000 00000 00001 00000 00001 00000 00001 00000 00001 00000  
20:18:00 07/19/2022 00000 00000 00001 00000 00001 00000 00001 00000 00001 00000  
20:19:00 07/19/2022 00000 00000 00001 00000 00001 00000 00001 00000 00001 00000  
20:20:00 07/19/2022 00000 00000 00001 00000 00001 00000 00001 00000 00001 00000  
20:21:00 07/19/2022 00000 00000 00001 00000 00001 00000 00001 00000 00001 00000  
20:22:00 07/19/2022 00001 00000 00001 00000 00001 00000 00001 00000 00001 00000  
20:23:00 07/19/2022 00001 00000 00001 00000 00001 00266 00001 00000 00001 00000  
20:24:00 07/19/2022 00001 00000 00001 00000 00001 00144 00001 00000 00001 00000  
20:25:00 07/19/2022 00001 00000 00001 00000 00001 00247 00001 00000 00001 00000  
20:26:00 07/19/2022 00001 00000 00001 00000 00001 00153 00001 00000 00001 00000  
20:27:00 07/19/2022 00001 00000 00001 00000 00001 00000 00001 00000 00001 00000  
20:28:00 07/19/2022 00001 00000 00001 00000 00001 00000 00001 00000 00001 00000  
20:29:00 07/19/2022 00001 00000 00001 00000 00001 00000 00001 00000 00001 00000  
20:30:00 07/19/2022 00001 00000 00001 00000 00001 00000 00001 00000 00001 00000  
20:31:00 07/19/2022 00001 00000 00001 00000 00001 00000 00001 00000 00001 00000  
20:32:00 07/19/2022 00001 00000 00001 00000 00001 00048 00001 00000 00001 00000  
20:33:00 07/19/2022 00001 00000 00001 00000 00001 00000 00001 00000 00001 00000  
20:34:00 07/19/2022 00001 00000 00001 00000 00001 00000 00001 00000 00001 00000  
20:35:00 07/19/2022 00001 00000 00001 00000 00001 00000 00001 00000 00001 00000  
20:36:00 07/19/2022 00001 00000 00001 00000 00001 00000 00001 00000 00001 00000  
20:37:00 07/19/2022 00001 00000 00001 00024 00001 00024 00001 00000 00001 00000  
20:38:00 07/19/2022 00001 00000 00001 00049 00001 00000 00001 00000 00001 00000  
20:39:00 07/19/2022 00001 00000 00001 00000 00001 00074 00001 00000 00001 00000  
20:40:00 07/19/2022 00001 00000 00001 00000 00001 00024 00001 00000 00001 00000  
20:41:00 07/19/2022 00001 00000 00001 00000 00001 00048 00001 00000 00001 00000  
20:42:00 07/19/2022 00001 00000 00001 00000 00001 00048 00001 00000 00001 00000  
20:43:00 07/19/2022 00001 00000 00001 00000 00001 00048 00001 00000 00001 00000  
20:44:00 07/19/2022 00001 00000 00001 00000 00001 00024 00001 00000 00001 00000  
20:45:00 07/19/2022 00001 00000 00001 00000 00001 00000 00001 00000 00001 00000  
20:46:00 07/19/2022 00001 00000 00001 00000 00001 00000 00001 00000 00001 00000  
20:47:00 07/19/2022 00001 00000 00001 00000 00001 00122 00001 00000 00001 00000  
20:48:00 07/19/2022 00001 00000 00001 00000 00001 00049 00001 00000 00001 00000  
20:49:00 07/19/2022 00001 00000 00001 00000 00001 00048 00001 00000 00001 00000  
20:50:00 07/19/2022 00001 00000 00001 00000 00001 00000 00001 00000 00001 00000  
20:51:00 07/19/2022 00001 00000 00001 00000 00001 00000 00001 00000 00001 00000  
20:52:00 07/19/2022 00001 00000 00001 00000 00001 00145 00001 00000 00001 00000  
20:53:00 07/19/2022 00001 00000 00001 00000 00001 00218 00001 00000 00001 00000  
20:54:00 07/19/2022 00001 00000 00001 00000 00001 00289 00001 00000 00001 00000  
20:55:00 07/19/2022 00001 00000 00001 00000 00001 00268 00001 00000 00001 00000  
20:56:00 07/19/2022 00001 00000 00001 00000 00001 00242 00001 00000 00001 00000  
20:57:00 07/19/2022 00001 00000 00001 00000 00001 00265 00001 00000 00001 00000  
20:58:00 07/19/2022 00001 00000 00001 00000 00001 00038 00001 00000 00001 00000  
20:59:00 07/19/2022 00001 00000 00001 00000 00001 00024 00001 00000 00001 00000  
21:00:00 07/19/2022 00001 00000 00001 00000 00001 00048 00001 00000 00001 00000  
21:01:00 07/19/2022 00001 00000 00001 00000 00001 00121 00001 00000 00001 00000  
21:02:00 07/19/2022 00001 00000 00001 00000 00001 00216 00001 00000 00001 00000  
21:03:00 07/19/2022 00001 00000 00001 00000 00001 00273 00001 00000 00001 00000  
21:04:00 07/19/2022 00001 00000 00001 00000 00001 00281 00001 00000 00001 00000  
21:05:00 07/19/2022 00001 00000 00001 00000 00001 00223 00001 00000 00001 00000  
21:06:00 07/19/2022 00001 00000 00001 00000 00001 00264 00001 00000 00001 00000  
21:07:00 07/19/2022 00001 00000 00001 00025 00001 00200 00001 00000 00001 00000  
21:08:00 07/19/2022 00001 00000 00001 00000 00001 00011 00001 00000 00001 00000  
21:09:00 07/19/2022 00001 00000 00001 00000 00001 00025 00001 00000 00001 00000  
21:10:00 07/19/2022 00001 00000 00001 00000 00001 00000 00001 00000 00001 00000  
21:11:00 07/19/2022 00001 00000 00001 00000 00001 00000 00001 00000 00001 00000  
21:12:00 07/19/2022 00001 00000 00001 00000 00001 00000 00001 00000 00001 00000  
21:13:00 07/19/2022 00001 00000 00001 00000 00001 00000 00001 00000 00001 00000  
21:14:00 07/19/2022 00001 00000 00001 00000 00001 00000 00001 00000 00001 00000  
21:15:00 07/19/2022 00001 00000 00001 00000 00001 00000 00001 00000 00001 00000  
21:16:00 07/19/2022 00001 00000 00001 00000 00001 00000 00001 00000 00001 00000  
21:17:00 07/19/2022 00001 00000 00001 00000 00001 00000 00001 00000 00001 00000  
21:18:00 07/19/2022 00001 00000 00001 00000 00001 00000 00001 00000 00001 00000  
21:19:00 07/19/2022 00001 00000 00001 00000 00001 00000 00001 00000 00001 00000  
21:20:00 07/19/2022 00001 00000 00001 00000 00001 00000 00001 00000 00001 00000  
21:21:00 07/19/2022 00001 00000 00001 00072 00001 00000 00001 00025 00001 00000  
21:22:00 07/19/2022 00001 00000 00001 00000 00001 00000 00001 00000 00001 00000  
21:23:00 07/19/2022 00001 00000 00001 00000 00001 00000 00001 00000 00001 00000  
21:24:00 07/19/2022 00001 00000 00001 00000 00001 00000 00001 00000 00001 00000  
21:25:00 07/19/2022 00001 00000 00001 00000 00001 00000 00001 00000 00001 00000  
21:26:00 07/19/2022 00001 00000 00001 00000 00001 00032 00001 00000 00001 00000  
21:27:00 07/19/2022 00001 00000 00001 00000 00001 00223 00001 00000 00001 00000  
21:28:00 07/19/2022 00001 00000 00001 00000 00001 00168 00001 00000 00001 00000  
21:29:00 07/19/2022 00001 00000 00001 00000 00001 00072 00001 00000 00001 00000  
21:30:00 07/19/2022 00001 00000 00001 00000 00001 00267 00001 00000 00001 00000  
21:31:00 07/19/2022 00001 00000 00001 00000 00001 00191 00001 00000 00001 00000  
21:32:00 07/19/2022 00001 00000 00001 00000 00001 00286 00001 00000 00001 00000  
21:33:00 07/19/2022 00001 00000 00001 00000 00001 00221 00001 00000 00001 00000  
21:34:00 07/19/2022 00001 00000 00001 00000 00001 00150 00001 00000 00001 00000  
21:35:00 07/19/2022 00001 00000 00001 00000 00001 00226 00001 00000 00001 00000  
21:36:00 07/19/2022 00001 00000 00001 00000 00001 00068 00001 00000 00001 00000  
21:37:00 07/19/2022 00001 00000 00001 00000 00001 00263 00001 00000 00001 00000  
21:38:00 07/19/2022 00001 00000 00001 00000 00001 00196 00001 00000 00001 00000  
21:39:00 07/19/2022 00001 00000 00001 00000 00001 00194 00001 00000 00001 00000  
21:40:00 07/19/2022 00001 00000 00001 00000 00001 00120 00001 00000 00001 00000  
21:41:00 07/19/2022 00001 00000 00001 00000 00001 00145 00001 00000 00001 00000  
21:42:00 07/19/2022 00001 00000 00001 00000 00001 00290 00001 00000 00001 00000  
21:43:00 07/19/2022 00001 00000 00001 00000 00001 00218 00001 00000 00001 00000  
21:44:00 07/19/2022 00001 00000 00001 00000 00001 00037 00001 00000 00001 00000  
21:45:00 07/19/2022 00001 00000 00001 00000 00001 00024 00001 00000 00001 00000  
21:46:00 07/19/2022 00001 00000 00001 00000 00001 00049 00001 00000 00001 00000  
21:47:00 07/19/2022 00001 00000 00001 00000 00001 00048 00001 00000 00001 00000  
21:48:00 07/19/2022 00001 00000 00001 00000 00001 00072 00001 00000 00001 00000  
21:49:00 07/19/2022 00001 00000 00001 00000 00001 00120 00001 00000 00001 00000  
21:50:00 07/19/2022 00001 00000 00001 00000 00001 00000 00001 00000 00001 00000  
21:51:00 07/19/2022 00001 00000 00001 00000 00001 00048 00001 00000 00001 00000  
21:52:00 07/19/2022 00001 00000 00001 00000 00001 00000 00001 00000 00001 00000  
21:53:00 07/19/2022 00001 00000 00001 00000 00001 00080 00001 00000 00001 00000  
21:54:00 07/19/2022 00001 00000 00001 00000 00001 00027 00001 00000 00001 00000  
21:55:00 07/19/2022 00001 00000 00001 00000 00001 00146 00001 00000 00001 00000  
21:56:00 07/19/2022 00001 00000 00001 00000 00001 00161 00001 00000 00001 00000  
21:57:00 07/19/2022 00001 00000 00001 00000 00001 00194 00001 00000 00001 00000  
21:58:00 07/19/2022 00001 00000 00001 00000 00001 00072 00001 00000 00001 00000  
21:59:00 07/19/2022 00001 00000 00001 00000 00001 00124 00001 00000 00001 00000  
22:00:00 07/19/2022 00001 00000 00001 00000 00001 00011 00001 00000 00001 00000  
22:01:00 07/19/2022 00001 00000 00001 00000 00001 00000 00001 00000 00001 00000  
22:02:00 07/19/2022 00001 00000 00001 00000 00001 00000 00001 00000 00001 00000  
22:03:00 07/19/2022 00001 00000 00001 00000 00001 00000 00001 00000 00001 00000  
22:04:00 07/19/2022 00001 00000 00001 00000 00001 00000 00001 00000 00001 00000  
22:05:00 07/19/2022 00001 00000 00001 00000 00001 00000 00001 00000 00001 00000  
22:06:00 07/19/2022 00001 00000 00001 00000 00001 00000 00001 00000 00001 00000  
22:07:00 07/19/2022 00001 00000 00001 00000 00001 00000 00001 00000 00001 00000  
22:08:00 07/19/2022 00001 00000 00001 00000 00001 00000 00001 00000 00001 00000  
22:09:00 07/19/2022 00001 00000 00001 00000 00001 00000 00001 00000 00001 00000  
22:10:00 07/19/2022 00001 00000 00001 00000 00001 00000 00001 00000 00001 00000  
22:11:00 07/19/2022 00001 00000 00001 00000 00001 00024 00001 00000 00001 00000  
22:12:00 07/19/2022 00001 00000 00001 00000 00001 00000 00001 00000 00001 00000  
22:13:00 07/19/2022 00001 00000 00001 00000 00001 00000 00001 00000 00001 00000  
22:14:00 07/19/2022 00001 00000 00001 00000 00001 00025 00001 00000 00001 00000  
22:15:00 07/19/2022 00001 00000 00001 00000 00001 00000 00001 00000 00001 00000  
22:16:00 07/19/2022 00001 00000 00001 00000 00001 00049 00001 00000 00001 00000  
22:17:00 07/19/2022 00001 00000 00001 00000 00001 00097 00001 00000 00001 00000  
22:18:00 07/19/2022 00001 00000 00001 00000 00001 00049 00001 00000 00001 00000  
22:19:00 07/19/2022 00001 00000 00001 00000 00001 00120 00001 00000 00001 00000  
22:20:00 07/19/2022 00001 00000 00001 00000 00001 00000 00001 00000 00001 00000  
22:21:00 07/19/2022 00001 00000 00001 00000 00001 00000 00001 00000 00001 00000  
22:22:00 07/19/2022 00001 00000 00001 00000 00001 00120 00001 00000 00001 00000  
22:23:00 07/19/2022 00001 00000 00001 00000 00001 00048 00001 00000 00001 00000  
22:24:00 07/19/2022 00001 00000 00001 00000 00001 00000 00001 00000 00001 00000  
22:25:00 07/19/2022 00001 00000 00001 00000 00001 00000 00001 00000 00001 00000  
22:26:00 07/19/2022 00001 00000 00001 00000 00001 00000 00001 00000 00001 00000  
22:27:00 07/19/2022 00001 00000 00001 00000 00001 00000 00001 00000 00001 00000  
22:28:00 07/19/2022 00001 00000 00001 00000 00001 00000 00001 00000 00001 00000  
22:29:00 07/19/2022 00001 00000 00001 00000 00001 00000 00001 00000 00001 00000  
22:30:00 07/19/2022 00001 00000 00001 00000 00001 00000 00001 00000 00001 00000  
22:31:00 07/19/2022 00001 00000 00001 00000 00001 00000 00001 00000 00001 00000  
22:32:00 07/19/2022 00001 00000 00001 00000 00001 00000 00001 00000 00001 00000  
22:33:00 07/19/2022 00001 00000 00001 00000 00001 00000 00001 00000 00001 00000  
22:34:00 07/19/2022 00001 00000 00001 00000 00001 00000 00001 00000 00001 00000  
22:35:00 07/19/2022 00001 00000 00001 00086 00001 00000 00001 00026 00001 00000  
22:36:00 07/19/2022 00001 00000 00001 00223 00001 00000 00001 00112 00001 00000  
22:37:00 07/19/2022 00001 00000 00001 00321 00001 00000 00001 00170 00001 00000  
22:38:00 07/19/2022 00001 00000 00001 00252 00001 00000 00001 00197 00001 00000  
22:39:00 07/19/2022 00001 00000 00001 00303 00001 00000 00001 00149 00001 00000  
22:40:00 07/19/2022 00001 00000 00001 00272 00001 00000 00001 00195 00001 00000  
22:41:00 07/19/2022 00001 00000 00001 00341 00001 00000 00001 00271 00001 00000  
22:42:00 07/19/2022 00001 00000 00001 00272 00001 00000 00001 00232 00001 00000  
22:43:00 07/19/2022 00001 00000 00001 00190 00001 00000 00001 00123 00001 00000  
22:44:00 07/19/2022 00001 00000 00001 00000 00001 00000 00001 00000 00001 00000  
22:45:00 07/19/2022 00001 00000 00001 00000 00001 00000 00001 00000 00001 00000  
22:46:00 07/19/2022 00001 00000 00001 00000 00001 00000 00001 00000 00001 00000  
22:47:00 07/19/2022 00001 00000 00001 00000 00001 00000 00001 00000 00001 00000  
22:48:00 07/19/2022 00001 00000 00001 00000 00001 00000 00001 00000 00001 00000  
22:49:00 07/19/2022 00001 00000 00001 00000 00001 00000 00001 00000 00001 00000  
22:50:00 07/19/2022 00001 00000 00001 00000 00001 00000 00001 00000 00001 00000  
22:51:00 07/19/2022 00001 00000 00001 00000 00001 00000 00001 00000 00001 00000  
22:52:00 07/19/2022 00001 00000 00001 00000 00001 00000 00001 00000 00001 00000  
22:53:00 07/19/2022 00001 00000 00001 00000 00001 00000 00001 00000 00001 00000  
22:54:00 07/19/2022 00001 00000 00001 00000 00001 00025 00001 00000 00001 00000  
22:55:00 07/19/2022 00001 00000 00001 00000 00001 00000 00001 00000 00001 00000  
22:56:00 07/19/2022 00001 00000 00001 00000 00001 00000 00001 00000 00001 00000  
22:57:00 07/19/2022 00001 00000 00001 00000 00001 00000 00001 00000 00001 00000  
22:58:00 07/19/2022 00001 00000 00001 00000 00001 00000 00001 00000 00001 00000  
22:59:00 07/19/2022 00001 00000 00001 00000 00001 00000 00001 00000 00001 00000  
23:00:00 07/19/2022 00001 00000 00001 00000 00001 00000 00001 00000 00001 00000  
23:01:00 07/19/2022 00001 00000 00001 00000 00001 00000 00001 00000 00001 00000  
23:02:00 07/19/2022 00001 00000 00001 00000 00001 00000 00001 00000 00001 00000  
23:03:00 07/19/2022 00001 00000 00001 00000 00001 00000 00001 00000 00001 00000  
23:04:00 07/19/2022 00001 00000 00001 00024 00001 00000 00001 00025 00001 00000  
23:05:00 07/19/2022 00001 00000 00001 00000 00001 00000 00001 00000 00001 00000  
23:06:00 07/19/2022 00001 00000 00001 00000 00001 00000 00001 00000 00001 00000  
23:07:00 07/19/2022 00001 00000 00001 00000 00001 00000 00001 00000 00001 00000  
23:08:00 07/19/2022 00001 00000 00001 00000 00001 00000 00001 00000 00001 00000  
23:09:00 07/19/2022 00001 00000 00001 00000 00001 00000 00001 00000 00001 00000  
23:10:00 07/19/2022 00001 00000 00001 00000 00001 00000 00001 00000 00001 00000  
23:11:00 07/19/2022 00001 00000 00001 00000 00001 00000 00001 00000 00001 00000  
23:12:00 07/19/2022 00001 00000 00001 00000 00001 00000 00001 00000 00001 00000  
23:13:00 07/19/2022 00001 00000 00001 00000 00001 00000 00001 00000 00001 00000  
23:14:00 07/19/2022 00001 00000 00001 00000 00001 00000 00001 00000 00001 00000  
23:15:00 07/19/2022 00001 00000 00001 00000 00001 00000 00001 00000 00001 00000  
23:16:00 07/19/2022 00001 00000 00001 00049 00001 00000 00001 00025 00001 00000  
23:17:00 07/19/2022 00001 00000 00001 00000 00001 00000 00001 00000 00001 00000  
23:18:00 07/19/2022 00001 00000 00001 00000 00001 00000 00001 00000 00001 00000  
23:19:00 07/19/2022 00001 00000 00001 00377 00001 00000 00001 00270 00001 00000  
23:20:00 07/19/2022 00001 00000 00001 00010 00001 00000 00001 00000 00001 00000  
23:21:00 07/19/2022 00001 00000 00001 00000 00001 00000 00001 00000 00001 00000  
23:22:00 07/19/2022 00001 00000 00001 00000 00001 00000 00001 00000 00001 00000  
23:23:00 07/19/2022 00001 00000 00001 00000 00001 00000 00001 00000 00001 00000  
23:24:00 07/19/2022 00001 00000 00001 00000 00001 00000 00001 00000 00001 00000  
23:25:00 07/19/2022 00001 00000 00001 00000 00001 00000 00001 00000 00001 00000  
23:26:00 07/19/2022 00001 00000 00001 00000 00001 00000 00001 00000 00001 00000  
23:27:00 07/19/2022 00001 00000 00001 00000 00001 00000 00001 00000 00001 00000  
23:28:00 07/19/2022 00001 00000 00001 00000 00001 00000 00001 00000 00001 00000  
23:29:00 07/19/2022 00001 00000 00001 00000 00001 00000 00001 00000 00001 00000  
23:30:00 07/19/2022 00001 00000 00001 00000 00001 00000 00001 00000 00001 00000  
23:31:00 07/19/2022 00001 00000 00001 00000 00001 00000 00001 00000 00001 00000  
23:32:00 07/19/2022 00001 00000 00001 00000 00001 00000 00001 00000 00001 00000  
23:33:00 07/19/2022 00001 00000 00001 00025 00001 00000 00001 00000 00001 00000  
23:34:00 07/19/2022 00001 00000 00001 00000 00001 00000 00001 00000 00001 00000  
23:35:00 07/19/2022 00001 00000 00001 00000 00001 00000 00001 00000 00001 00000  
23:36:00 07/19/2022 00001 00000 00001 00000 00001 00000 00001 00000 00001 00000  
23:37:00 07/19/2022 00001 00000 00001 00000 00001 00000 00001 00000 00001 00000  
23:38:00 07/19/2022 00001 00000 00001 00000 00001 00000 00001 00000 00001 00000  
23:39:00 07/19/2022 00001 00000 00001 00000 00001 00000 00001 00000 00001 00000  
23:40:00 07/19/2022 00001 00000 00001 00000 00001 00000 00001 00000 00001 00000  
23:41:00 07/19/2022 00001 00000 00001 00000 00001 00000 00001 00000 00001 00000  
23:42:00 07/19/2022 00001 00000 00001 00000 00001 00073 00001 00000 00001 00000  
23:43:00 07/19/2022 00001 00000 00001 00000 00001 00000 00001 00000 00001 00000  
23:44:00 07/19/2022 00001 00000 00001 00000 00001 00000 00001 00000 00001 00000  
23:45:00 07/19/2022 00001 00000 00001 00000 00001 00000 00001 00000 00001 00000  
23:46:00 07/19/2022 00001 00000 00001 00000 00001 00000 00001 00000 00001 00000  
23:47:00 07/19/2022 00001 00000 00001 00000 00001 00000 00001 00000 00001 00000  
23:48:00 07/19/2022 00001 00000 00001 00000 00001 00000 00001 00000 00001 00000  
23:49:00 07/19/2022 00001 00000 00001 00000 00001 00000 00001 00000 00001 00000  
23:50:00 07/19/2022 00001 00000 00001 00025 00001 00000 00001 00024 00001 00000  
23:51:00 07/19/2022 00001 00000 00001 00048 00001 00000 00001 00000 00001 00000  
23:52:00 07/19/2022 00001 00000 00001 00073 00001 00000 00001 00000 00001 00000  
23:53:00 07/19/2022 00001 00000 00001 00074 00001 00000 00001 00000 00001 00000  
23:54:00 07/19/2022 00001 00000 00001 00024 00001 00000 00001 00000 00001 00000  
23:55:00 07/19/2022 00001 00000 00001 00000 00001 00000 00001 00000 00001 00000  
23:56:00 07/19/2022 00001 00000 00001 00000 00001 00000 00001 00000 00001 00000  
23:57:00 07/19/2022 00001 00000 00001 00000 00001 00000 00001 00000 00001 00000  
23:58:00 07/19/2022 00001 00000 00001 00000 00001 00000 00001 00000 00001 00000  
23:59:00 07/19/2022 00001 00000 00001 00000 00001 00000 00001 00000 00001 00000  
00:00:00 07/20/2022 00001 00000 00001 00000 00000 00000 00001 00000 00001 00000  
00:01:00 07/20/2022 00001 00000 00001 00000 00000 00000 00001 00000 00001 00000  
00:02:00 07/20/2022 00001 00000 00001 00000 00000 00000 00001 00000 00001 00000  
00:03:00 07/20/2022 00001 00000 00001 00000 00000 00000 00001 00000 00001 00000  
00:04:00 07/20/2022 00001 00000 00001 00000 00000 00000 00001 00000 00001 00000  
00:05:00 07/20/2022 00001 00000 00001 00000 00000 00000 00001 00000 00001 00000  
00:06:00 07/20/2022 00001 00000 00001 00000 00000 00000 00001 00000 00001 00000  
00:07:00 07/20/2022 00000 00000 00001 00000 00000 00000 00001 00000 00001 00000  
00:08:00 07/20/2022 00000 00000 00001 00000 00000 00000 00001 00000 00001 00000  
00:09:00 07/20/2022 00000 00000 00001 00000 00000 00000 00001 00000 00001 00000  
00:10:00 07/20/2022 00000 00000 00001 00000 00000 00000 00001 00000 00001 00000  
00:11:00 07/20/2022 00000 00000 00001 00000 00000 00000 00001 00000 00001 00000  
00:12:00 07/20/2022 00000 00000 00001 00000 00000 00000 00001 00000 00001 00000  
00:13:00 07/20/2022 00000 00000 00001 00025 00000 00000 00001 00025 00001 00000  
00:14:00 07/20/2022 00000 00000 00001 00000 00000 00000 00001 00000 00001 00000  
00:15:00 07/20/2022 00000 00000 00001 00000 00000 00000 00001 00000 00001 00000  
00:16:00 07/20/2022 00000 00000 00001 00000 00000 00000 00001 00000 00001 00000  
00:17:00 07/20/2022 00000 00000 00001 00000 00000 00000 00001 00000 00001 00000  
00:18:00 07/20/2022 00000 00000 00001 00000 00000 00000 00001 00000 00001 00000  
00:19:00 07/20/2022 00000 00000 00001 00000 00000 00000 00001 00000 00001 00000  
00:20:00 07/20/2022 00000 00000 00001 00000 00000 00096 00001 00000 00001 00000  
00:21:00 07/20/2022 00000 00000 00001 00098 00000 00000 00001 00100 00001 00000  
00:22:00 07/20/2022 00000 00000 00001 00023 00000 00267 00001 00013 00001 00000  
00:23:00 07/20/2022 00000 00000 00001 00073 00000 00000 00001 00027 00001 00000  
00:24:00 07/20/2022 00000 00000 00001 00000 00000 00000 00001 00000 00001 00000  
00:25:00 07/20/2022 00000 00000 00001 00000 00000 00000 00001 00000 00001 00000  
00:26:00 07/20/2022 00000 00000 00001 00000 00000 00000 00001 00000 00001 00000  
00:27:00 07/20/2022 00000 00000 00001 00000 00000 00000 00001 00000 00001 00000  
00:28:00 07/20/2022 00000 00000 00001 00000 00000 00000 00001 00000 00001 00000  
00:29:00 07/20/2022 00000 00000 00001 00000 00000 00000 00001 00000 00001 00000  
00:30:00 07/20/2022 00000 00000 00001 00050 00000 00000 00001 00049 00001 00000  
00:31:00 07/20/2022 00000 00000 00001 00000 00000 00000 00001 00000 00001 00000  
00:32:00 07/20/2022 00000 00000 00001 00000 00000 00000 00001 00000 00001 00000  
00:33:00 07/20/2022 00000 00000 00001 00000 00000 00000 00001 00000 00001 00000  
00:34:00 07/20/2022 00000 00000 00001 00000 00000 00000 00001 00000 00001 00000  
00:35:00 07/20/2022 00000 00000 00001 00000 00000 00000 00001 00000 00001 00000  
00:36:00 07/20/2022 00000 00000 00001 00000 00000 00000 00001 00000 00001 00000  
00:37:00 07/20/2022 00000 00000 00001 00062 00000 00000 00001 00025 00001 00000  
00:38:00 07/20/2022 00000 00000 00001 00099 00000 00000 00001 00039 00001 00000  
00:39:00 07/20/2022 00000 00000 00001 00171 00000 00000 00001 00073 00001 00000  
00:40:00 07/20/2022 00000 00000 00001 00198 00000 00000 00001 00073 00001 00000  
00:41:00 07/20/2022 00000 00000 00001 00146 00000 00000 00001 00050 00001 00000  
00:42:00 07/20/2022 00000 00000 00001 00141 00000 00000 00001 00065 00001 00000  
00:43:00 07/20/2022 00000 00000 00001 00141 00000 00000 00001 00057 00001 00000  
00:44:00 07/20/2022 00000 00000 00001 00129 00000 00000 00001 00056 00001 00000  
00:45:00 07/20/2022 00000 00000 00001 00000 00000 00000 00001 00000 00001 00000  
00:46:00 07/20/2022 00000 00000 00001 00000 00000 00000 00001 00000 00001 00000  
00:47:00 07/20/2022 00000 00000 00001 00000 00000 00000 00001 00000 00001 00000  
00:48:00 07/20/2022 00000 00000 00001 00000 00000 00000 00001 00000 00001 00000  
00:49:00 07/20/2022 00000 00000 00001 00000 00000 00000 00001 00000 00001 00000  
00:50:00 07/20/2022 00000 00000 00001 00000 00000 00000 00001 00000 00001 00000  
00:51:00 07/20/2022 00000 00000 00001 00000 00000 00000 00001 00000 00001 00000  
00:52:00 07/20/2022 00000 00000 00001 00000 00000 00000 00001 00000 00001 00000  
00:53:00 07/20/2022 00000 00000 00001 00000 00000 00024 00001 00000 00001 00000  
00:54:00 07/20/2022 00000 00000 00001 00000 00000 00000 00001 00000 00001 00000  
00:55:00 07/20/2022 00000 00000 00001 00000 00000 00000 00001 00000 00001 00000  
00:56:00 07/20/2022 00000 00000 00001 00000 00000 00000 00001 00000 00001 00000  
00:57:00 07/20/2022 00000 00000 00001 00000 00000 00000 00001 00000 00001 00000  
00:58:00 07/20/2022 00000 00000 00001 00000 00000 00000 00001 00000 00001 00000  
00:59:00 07/20/2022 00000 00000 00001 00000 00000 00000 00001 00000 00001 00000  
01:00:00 07/20/2022 00000 00000 00001 00000 00000 00000 00001 00000 00001 00000  
01:01:00 07/20/2022 00000 00000 00001 00000 00000 00000 00001 00000 00001 00000  
01:02:00 07/20/2022 00000 00000 00001 00000 00000 00000 00001 00000 00001 00000  
01:03:00 07/20/2022 00000 00000 00001 00000 00000 00000 00001 00000 00001 00000  
01:04:00 07/20/2022 00000 00000 00001 00000 00000 00000 00001 00000 00001 00000  
01:05:00 07/20/2022 00000 00000 00001 00000 00000 00000 00001 00000 00001 00000  
01:06:00 07/20/2022 00000 00000 00001 00000 00000 00000 00001 00000 00001 00000  
01:07:00 07/20/2022 00000 00000 00001 00000 00000 00000 00001 00000 00001 00000  
01:08:00 07/20/2022 00000 00000 00001 00000 00000 00000 00001 00000 00001 00000  
01:09:00 07/20/2022 00000 00000 00001 00000 00000 00000 00001 00000 00001 00000  
01:10:00 07/20/2022 00000 00000 00001 00000 00000 00000 00001 00000 00001 00000  
01:11:00 07/20/2022 00000 00000 00001 00000 00000 00000 00001 00000 00001 00000  
01:12:00 07/20/2022 00000 00000 00001 00000 00000 00000 00001 00000 00001 00000  
01:13:00 07/20/2022 00000 00000 00001 00000 00000 00000 00001 00000 00001 00000  
01:14:00 07/20/2022 00000 00000 00001 00000 00000 00000 00001 00000 00001 00000  
01:15:00 07/20/2022 00000 00000 00001 00000 00000 00000 00001 00000 00001 00000  
01:16:00 07/20/2022 00000 00000 00001 00000 00000 00000 00001 00000 00001 00000  
01:17:00 07/20/2022 00000 00000 00001 00000 00000 00000 00001 00000 00001 00000  
01:18:00 07/20/2022 00000 00000 00001 00123 00000 00000 00001 00050 00001 00000  
01:19:00 07/20/2022 00000 00000 00001 00000 00000 00000 00001 00000 00001 00000  
01:20:00 07/20/2022 00000 00000 00001 00000 00000 00000 00001 00000 00001 00000  
01:21:00 07/20/2022 00000 00000 00001 00049 00000 00000 00001 00000 00001 00000  
01:22:00 07/20/2022 00000 00000 00001 00000 00000 00000 00001 00000 00001 00000  
01:23:00 07/20/2022 00000 00000 00001 00000 00000 00000 00001 00000 00001 00000  
01:24:00 07/20/2022 00000 00000 00001 00000 00000 00000 00001 00000 00001 00000  
01:25:00 07/20/2022 00000 00000 00001 00000 00000 00000 00001 00000 00001 00000  
01:26:00 07/20/2022 00000 00000 00001 00000 00000 00000 00001 00000 00001 00000  
01:27:00 07/20/2022 00000 00000 00001 00000 00000 00000 00001 00000 00001 00000  
01:28:00 07/20/2022 00000 00000 00001 00000 00000 00000 00001 00000 00001 00000  
01:29:00 07/20/2022 00000 00000 00001 00000 00000 00000 00001 00000 00001 00000  
01:30:00 07/20/2022 00000 00000 00001 00000 00001 00000 00001 00000 00001 00000  
01:31:00 07/20/2022 00000 00000 00001 00000 00001 00000 00001 00000 00001 00000  
01:32:00 07/20/2022 00000 00000 00001 00000 00001 00000 00001 00000 00001 00000  
01:33:00 07/20/2022 00000 00000 00001 00000 00001 00000 00001 00000 00001 00000  
01:34:00 07/20/2022 00000 00000 00001 00000 00001 00000 00001 00000 00001 00000  
01:35:00 07/20/2022 00000 00000 00001 00000 00001 00000 00001 00000 00001 00000  
01:36:00 07/20/2022 00000 00000 00001 00000 00001 00000 00001 00000 00001 00000  
01:37:00 07/20/2022 00000 00000 00001 00000 00001 00000 00001 00000 00001 00000  
01:38:00 07/20/2022 00000 00000 00001 00000 00001 00000 00001 00000 00001 00000  
01:39:00 07/20/2022 00000 00000 00001 00000 00001 00000 00001 00000 00001 00000  
01:40:00 07/20/2022 00000 00000 00001 00000 00001 00000 00001 00000 00001 00000  
01:41:00 07/20/2022 00000 00000 00001 00000 00001 00000 00001 00000 00001 00000  
01:42:00 07/20/2022 00000 00000 00001 00000 00001 00000 00001 00000 00001 00000  
01:43:00 07/20/2022 00000 00000 00001 00000 00001 00000 00001 00000 00001 00000  
01:44:00 07/20/2022 00000 00000 00001 00000 00001 00000 00001 00000 00001 00000  
01:45:00 07/20/2022 00000 00000 00001 00000 00001 00000 00001 00000 00001 00000  
01:46:00 07/20/2022 00000 00000 00001 00000 00001 00000 00001 00000 00001 00000  
01:47:00 07/20/2022 00000 00000 00001 00000 00001 00000 00001 00000 00001 00000  
01:48:00 07/20/2022 00000 00000 00001 00000 00001 00000 00001 00000 00001 00000  
01:49:00 07/20/2022 00000 00000 00001 00000 00001 00000 00001 00000 00001 00000  
01:50:00 07/20/2022 00000 00000 00001 00000 00001 00000 00001 00000 00001 00000  
01:51:00 07/20/2022 00000 00000 00001 00000 00001 00000 00001 00000 00001 00000  
01:52:00 07/20/2022 00000 00000 00001 00000 00001 00000 00001 00000 00001 00000  
01:53:00 07/20/2022 00000 00000 00001 00000 00001 00000 00001 00000 00001 00000  
01:54:00 07/20/2022 00000 00000 00001 00000 00001 00000 00001 00000 00001 00000  
01:55:00 07/20/2022 00000 00000 00001 00000 00001 00000 00001 00000 00001 00000  
01:56:00 07/20/2022 00000 00000 00001 00000 00001 00000 00001 00000 00001 00000  
01:57:00 07/20/2022 00000 00000 00001 00000 00001 00000 00001 00000 00001 00000  
01:58:00 07/20/2022 00000 00000 00001 00000 00001 00000 00001 00000 00001 00000  
01:59:00 07/20/2022 00000 00000 00001 00000 00001 00000 00001 00000 00001 00000  
02:00:00 07/20/2022 00000 00000 00001 00000 00001 00000 00001 00000 00001 00000  
02:01:00 07/20/2022 00000 00000 00001 00000 00001 00000 00001 00000 00001 00000  
02:02:00 07/20/2022 00000 00000 00001 00000 00001 00000 00001 00000 00001 00000  
02:03:00 07/20/2022 00000 00000 00001 00000 00001 00000 00001 00000 00001 00000  
02:04:00 07/20/2022 00000 00000 00001 00000 00001 00000 00001 00000 00001 00000  
02:05:00 07/20/2022 00000 00000 00001 00000 00001 00000 00001 00000 00001 00000  
02:06:00 07/20/2022 00000 00000 00001 00000 00001 00000 00001 00000 00001 00000  
02:07:00 07/20/2022 00000 00000 00001 00000 00001 00000 00001 00000 00001 00000  
02:08:00 07/20/2022 00000 00000 00001 00000 00001 00000 00001 00000 00001 00000  
02:09:00 07/20/2022 00000 00000 00001 00000 00001 00000 00001 00000 00001 00000  
02:10:00 07/20/2022 00000 00000 00001 00000 00001 00000 00001 00000 00001 00000  
02:11:00 07/20/2022 00000 00000 00001 00000 00001 00000 00001 00000 00001 00000  
02:12:00 07/20/2022 00000 00000 00001 00000 00001 00000 00001 00000 00001 00000  
02:13:00 07/20/2022 00000 00000 00001 00000 00001 00000 00001 00000 00001 00000  
02:14:00 07/20/2022 00000 00000 00001 00000 00001 00000 00001 00000 00001 00000  
02:15:00 07/20/2022 00000 00000 00001 00000 00001 00000 00001 00000 00001 00000  
02:16:00 07/20/2022 00000 00000 00001 00000 00001 00000 00001 00000 00001 00000  
02:17:00 07/20/2022 00000 00000 00001 00000 00001 00000 00001 00000 00001 00000  
02:18:00 07/20/2022 00000 00000 00001 00000 00001 00000 00001 00000 00001 00000  
02:19:00 07/20/2022 00000 00000 00001 00000 00001 00000 00001 00000 00001 00000  
02:20:00 07/20/2022 00000 00000 00001 00000 00001 00000 00001 00000 00001 00000  
02:21:00 07/20/2022 00000 00000 00001 00000 00001 00000 00001 00000 00001 00000  
02:22:00 07/20/2022 00000 00000 00001 00000 00001 00000 00001 00000 00001 00000  
02:23:00 07/20/2022 00000 00000 00001 00000 00001 00000 00001 00000 00001 00000  
02:24:00 07/20/2022 00000 00000 00001 00000 00001 00000 00001 00000 00001 00000  
02:25:00 07/20/2022 00000 00000 00001 00000 00001 00000 00001 00000 00001 00000  
02:26:00 07/20/2022 00000 00000 00001 00000 00001 00000 00001 00000 00001 00000  
02:27:00 07/20/2022 00000 00000 00001 00000 00001 00000 00001 00000 00001 00000  
02:28:00 07/20/2022 00000 00000 00001 00000 00001 00000 00001 00000 00001 00000  
02:29:00 07/20/2022 00000 00000 00001 00000 00001 00000 00001 00000 00001 00000  
02:30:00 07/20/2022 00000 00000 00001 00000 00001 00000 00001 00000 00001 00000  
02:31:00 07/20/2022 00000 00000 00001 00000 00001 00000 00001 00000 00001 00000  
02:32:00 07/20/2022 00000 00000 00001 00000 00001 00000 00001 00000 00001 00000  
02:33:00 07/20/2022 00000 00000 00001 00000 00001 00000 00001 00000 00001 00000  
02:34:00 07/20/2022 00000 00000 00001 00000 00001 00000 00001 00000 00001 00000  
02:35:00 07/20/2022 00000 00000 00001 00000 00001 00000 00001 00000 00001 00000  
02:36:00 07/20/2022 00000 00000 00001 00000 00001 00000 00001 00000 00001 00000  
02:37:00 07/20/2022 00000 00000 00001 00000 00001 00000 00001 00000 00001 00000  
02:38:00 07/20/2022 00000 00000 00001 00000 00001 00000 00001 00000 00001 00000  
02:39:00 07/20/2022 00000 00000 00001 00000 00001 00000 00001 00000 00001 00000  
02:40:00 07/20/2022 00000 00000 00001 00000 00001 00000 00001 00000 00001 00000  
02:41:00 07/20/2022 00000 00000 00001 00000 00001 00000 00001 00000 00001 00000  
02:42:00 07/20/2022 00000 00000 00001 00000 00001 00000 00001 00000 00001 00000  
02:43:00 07/20/2022 00000 00000 00001 00000 00001 00000 00001 00000 00001 00000  
02:44:00 07/20/2022 00000 00000 00001 00000 00001 00000 00001 00000 00001 00000  
02:45:00 07/20/2022 00000 00000 00001 00000 00001 00000 00001 00000 00001 00000  
02:46:00 07/20/2022 00000 00000 00001 00000 00001 00000 00001 00000 00001 00000  
02:47:00 07/20/2022 00000 00000 00001 00000 00001 00000 00001 00000 00001 00000  
02:48:00 07/20/2022 00000 00000 00001 00000 00001 00000 00001 00000 00001 00000  
02:49:00 07/20/2022 00000 00000 00001 00000 00001 00000 00001 00000 00001 00000  
02:50:00 07/20/2022 00000 00000 00001 00000 00001 00000 00001 00000 00001 00000  
02:51:00 07/20/2022 00000 00000 00001 00000 00001 00000 00001 00000 00001 00000  
02:52:00 07/20/2022 00000 00000 00001 00000 00001 00000 00001 00000 00001 00000  
02:53:00 07/20/2022 00000 00000 00001 00000 00001 00000 00001 00000 00001 00000  
02:54:00 07/20/2022 00000 00000 00001 00000 00001 00000 00001 00000 00001 00000  
02:55:00 07/20/2022 00000 00000 00001 00000 00001 00000 00001 00000 00001 00000  
02:56:00 07/20/2022 00000 00000 00001 00000 00001 00000 00001 00000 00001 00000  
02:57:00 07/20/2022 00000 00000 00001 00000 00001 00000 00001 00000 00001 00000  
02:58:00 07/20/2022 00000 00000 00001 00000 00001 00000 00001 00000 00001 00000  
02:59:00 07/20/2022 00000 00000 00001 00000 00001 00000 00001 00000 00001 00000  
03:00:00 07/20/2022 00000 00000 00001 00000 00001 00000 00001 00000 00001 00000  
03:01:00 07/20/2022 00000 00000 00001 00000 00001 00000 00001 00000 00001 00000  
03:02:00 07/20/2022 00000 00000 00001 00000 00001 00000 00001 00000 00001 00000  
03:03:00 07/20/2022 00000 00000 00001 00000 00001 00000 00001 00000 00001 00000  
03:04:00 07/20/2022 00000 00000 00001 00000 00001 00000 00001 00000 00001 00000  
03:05:00 07/20/2022 00000 00000 00001 00000 00001 00000 00001 00000 00001 00000  
03:06:00 07/20/2022 00000 00000 00001 00000 00001 00000 00001 00000 00001 00000  
03:07:00 07/20/2022 00000 00000 00001 00000 00001 00000 00001 00000 00001 00000  
03:08:00 07/20/2022 00000 00000 00001 00000 00001 00000 00001 00000 00001 00000  
03:09:00 07/20/2022 00000 00000 00001 00000 00001 00000 00001 00000 00001 00000  
03:10:00 07/20/2022 00000 00000 00001 00000 00001 00000 00001 00000 00001 00000  
03:11:00 07/20/2022 00000 00000 00001 00000 00001 00000 00001 00000 00001 00000  
03:12:00 07/20/2022 00000 00000 00001 00000 00001 00000 00001 00000 00001 00000  
03:13:00 07/20/2022 00000 00000 00001 00000 00001 00000 00001 00000 00001 00000  
03:14:00 07/20/2022 00000 00000 00001 00000 00001 00000 00001 00000 00001 00000  
03:15:00 07/20/2022 00000 00000 00001 00000 00001 00000 00001 00000 00001 00000  
03:16:00 07/20/2022 00000 00000 00001 00000 00001 00000 00001 00000 00001 00000  
03:17:00 07/20/2022 00000 00000 00001 00000 00001 00000 00001 00000 00001 00000  
03:18:00 07/20/2022 00000 00000 00001 00000 00001 00000 00001 00000 00001 00000  
03:19:00 07/20/2022 00000 00000 00001 00000 00001 00000 00001 00000 00001 00000  
03:20:00 07/20/2022 00000 00000 00001 00000 00001 00000 00001 00000 00001 00000  
03:21:00 07/20/2022 00000 00000 00001 00000 00001 00000 00001 00000 00001 00000  
03:22:00 07/20/2022 00000 00000 00001 00000 00001 00000 00001 00000 00001 00000  
03:23:00 07/20/2022 00000 00000 00001 00000 00001 00000 00001 00000 00001 00000  
03:24:00 07/20/2022 00000 00000 00001 00000 00001 00000 00001 00000 00001 00000  
03:25:00 07/20/2022 00000 00000 00001 00000 00001 00000 00001 00000 00001 00000  
03:26:00 07/20/2022 00000 00000 00001 00000 00001 00000 00001 00000 00001 00000  
03:27:00 07/20/2022 00000 00000 00001 00000 00001 00000 00001 00000 00001 00000  
03:28:00 07/20/2022 00000 00000 00001 00000 00001 00000 00001 00000 00001 00000  
03:29:00 07/20/2022 00000 00000 00001 00000 00001 00000 00001 00000 00001 00000  
03:30:00 07/20/2022 00000 00000 00001 00000 00001 00000 00001 00000 00001 00000  
03:31:00 07/20/2022 00000 00000 00001 00000 00001 00000 00001 00000 00001 00000  
03:32:00 07/20/2022 00000 00000 00001 00000 00001 00000 00001 00000 00001 00000  
03:33:00 07/20/2022 00000 00000 00001 00000 00001 00000 00001 00000 00001 00000  
03:34:00 07/20/2022 00000 00000 00001 00000 00001 00000 00001 00000 00001 00000  
03:35:00 07/20/2022 00000 00000 00001 00000 00001 00000 00001 00000 00001 00000  
03:36:00 07/20/2022 00000 00000 00001 00000 00001 00000 00001 00000 00001 00000  
03:37:00 07/20/2022 00000 00000 00001 00000 00001 00000 00001 00000 00001 00000  
03:38:00 07/20/2022 00000 00000 00001 00000 00001 00000 00001 00000 00001 00000  
03:39:00 07/20/2022 00000 00000 00001 00000 00001 00000 00001 00000 00001 00000  
03:40:00 07/20/2022 00000 00000 00001 00000 00001 00000 00001 00000 00001 00000  
03:41:00 07/20/2022 00000 00000 00001 00000 00001 00000 00001 00000 00001 00000  
03:42:00 07/20/2022 00000 00000 00001 00000 00001 00000 00001 00000 00001 00000  
03:43:00 07/20/2022 00000 00000 00001 00000 00001 00000 00001 00000 00001 00000  
03:44:00 07/20/2022 00000 00000 00001 00000 00001 00000 00001 00000 00001 00000  
03:45:00 07/20/2022 00000 00000 00001 00000 00001 00000 00001 00000 00001 00000  
03:46:00 07/20/2022 00000 00000 00001 00000 00001 00000 00001 00000 00001 00000  
03:47:00 07/20/2022 00000 00000 00001 00000 00001 00000 00001 00000 00001 00000  
03:48:00 07/20/2022 00000 00000 00001 00000 00001 00000 00001 00000 00001 00000  
03:49:00 07/20/2022 00000 00000 00001 00000 00001 00000 00001 00000 00001 00000  
03:50:00 07/20/2022 00000 00000 00001 00000 00001 00000 00001 00000 00001 00000  
03:51:00 07/20/2022 00000 00000 00001 00000 00001 00000 00001 00000 00001 00000  
03:52:00 07/20/2022 00000 00000 00001 00000 00001 00000 00001 00000 00001 00000  
03:53:00 07/20/2022 00000 00000 00001 00000 00001 00097 00001 00000 00001 00000  
03:54:00 07/20/2022 00000 00000 00001 00000 00001 00073 00001 00000 00001 00000  
03:55:00 07/20/2022 00000 00000 00001 00000 00001 00073 00001 00000 00001 00000  
03:56:00 07/20/2022 00000 00000 00001 00000 00001 00000 00001 00000 00001 00000  
03:57:00 07/20/2022 00000 00000 00001 00000 00001 00000 00001 00000 00001 00000  
03:58:00 07/20/2022 00000 00000 00001 00000 00001 00000 00001 00000 00001 00000  
03:59:00 07/20/2022 00000 00000 00001 00000 00001 00000 00001 00000 00001 00000  
04:00:00 07/20/2022 00000 00000 00001 00000 00001 00000 00001 00000 00001 00000  
04:01:00 07/20/2022 00000 00000 00001 00000 00001 00000 00001 00000 00001 00000  
04:02:00 07/20/2022 00000 00000 00001 00000 00001 00000 00001 00000 00001 00000  
04:03:00 07/20/2022 00000 00000 00001 00000 00001 00000 00001 00000 00001 00000  
04:04:00 07/20/2022 00000 00000 00001 00000 00001 00000 00001 00000 00001 00000  
04:05:00 07/20/2022 00000 00000 00001 00000 00001 00000 00001 00000 00001 00000  
04:06:00 07/20/2022 00000 00000 00001 00000 00001 00000 00001 00000 00001 00000  
04:07:00 07/20/2022 00000 00000 00001 00000 00001 00000 00001 00000 00001 00000  
04:08:00 07/20/2022 00000 00000 00001 00000 00001 00000 00001 00000 00001 00000  
04:09:00 07/20/2022 00000 00000 00001 00000 00001 00000 00001 00000 00001 00000  
04:10:00 07/20/2022 00000 00000 00001 00000 00001 00000 00001 00000 00001 00000  
04:11:00 07/20/2022 00000 00000 00001 00000 00001 00000 00001 00000 00001 00000  
04:12:00 07/20/2022 00000 00000 00001 00000 00001 00000 00001 00000 00001 00000  
04:13:00 07/20/2022 00000 00000 00001 00000 00001 00000 00001 00000 00001 00000  
04:14:00 07/20/2022 00000 00000 00001 00000 00001 00000 00001 00000 00001 00000  
04:15:00 07/20/2022 00000 00000 00001 00000 00001 00000 00001 00000 00001 00000  
04:16:00 07/20/2022 00000 00000 00001 00000 00001 00000 00001 00000 00001 00000  
04:17:00 07/20/2022 00000 00000 00001 00000 00001 00000 00001 00000 00001 00000  
04:18:00 07/20/2022 00000 00000 00001 00000 00001 00000 00001 00000 00001 00000  
04:19:00 07/20/2022 00000 00000 00001 00000 00001 00000 00001 00000 00001 00000  
04:20:00 07/20/2022 00000 00000 00001 00000 00001 00000 00001 00000 00001 00000  
04:21:00 07/20/2022 00000 00000 00001 00000 00001 00000 00001 00000 00001 00000  
04:22:00 07/20/2022 00000 00000 00001 00000 00001 00000 00001 00000 00001 00000  
04:23:00 07/20/2022 00000 00000 00001 00000 00001 00000 00001 00000 00001 00000  
04:24:00 07/20/2022 00000 00000 00001 00000 00001 00000 00001 00000 00001 00000  
04:25:00 07/20/2022 00000 00000 00001 00000 00001 00000 00001 00000 00001 00000  
04:26:00 07/20/2022 00000 00000 00001 00000 00001 00000 00001 00000 00001 00000  
04:27:00 07/20/2022 00000 00000 00001 00000 00001 00000 00001 00000 00001 00000  
04:28:00 07/20/2022 00000 00000 00001 00000 00001 00000 00001 00000 00001 00000  
04:29:00 07/20/2022 00000 00000 00001 00000 00001 00000 00001 00000 00001 00000  
04:30:00 07/20/2022 00000 00000 00001 00000 00001 00000 00001 00000 00001 00000  
04:31:00 07/20/2022 00000 00000 00001 00000 00001 00000 00001 00000 00001 00000  
04:32:00 07/20/2022 00000 00000 00001 00000 00001 00000 00001 00000 00001 00000  
04:33:00 07/20/2022 00000 00000 00001 00000 00001 00041 00001 00000 00001 00000  
04:34:00 07/20/2022 00000 00000 00001 00000 00001 00024 00001 00000 00001 00000  
04:35:00 07/20/2022 00000 00000 00001 00000 00001 00049 00001 00000 00001 00000  
04:36:00 07/20/2022 00000 00000 00001 00000 00001 00017 00001 00000 00001 00000  
04:37:00 07/20/2022 00000 00000 00001 00000 00001 00000 00001 00000 00001 00000  
04:38:00 07/20/2022 00000 00000 00001 00000 00001 00025 00001 00000 00001 00000  
04:39:00 07/20/2022 00000 00000 00001 00000 00001 00000 00001 00000 00001 00000  
04:40:00 07/20/2022 00000 00000 00001 00000 00001 00000 00001 00000 00001 00000  
04:41:00 07/20/2022 00000 00000 00001 00000 00001 00000 00001 00000 00001 00000  
04:42:00 07/20/2022 00000 00000 00001 00000 00001 00000 00001 00000 00001 00000  
04:43:00 07/20/2022 00000 00000 00001 00000 00001 00000 00001 00000 00001 00000  
04:44:00 07/20/2022 00000 00000 00001 00000 00001 00000 00001 00000 00001 00000  
04:45:00 07/20/2022 00000 00000 00001 00000 00001 00000 00001 00000 00001 00000  
04:46:00 07/20/2022 00000 00000 00001 00000 00001 00000 00001 00000 00001 00000  
04:47:00 07/20/2022 00000 00000 00001 00000 00001 00000 00001 00000 00001 00000  
04:48:00 07/20/2022 00000 00000 00001 00000 00001 00000 00001 00000 00001 00000  
04:49:00 07/20/2022 00000 00000 00001 00000 00001 00000 00001 00000 00001 00000  
04:50:00 07/20/2022 00000 00000 00001 00000 00001 00000 00001 00000 00001 00000  
04:51:00 07/20/2022 00000 00000 00001 00000 00001 00000 00001 00000 00001 00000  
04:52:00 07/20/2022 00000 00000 00001 00000 00001 00000 00001 00000 00001 00000  
04:53:00 07/20/2022 00000 00000 00001 00000 00001 00000 00001 00000 00001 00000  
04:54:00 07/20/2022 00000 00000 00001 00000 00001 00000 00001 00000 00001 00000  
04:55:00 07/20/2022 00000 00000 00001 00000 00001 00000 00001 00000 00001 00000  
04:56:00 07/20/2022 00000 00000 00001 00000 00001 00000 00001 00000 00001 00000  
04:57:00 07/20/2022 00000 00000 00001 00000 00001 00000 00001 00000 00001 00000  
04:58:00 07/20/2022 00000 00000 00001 00000 00001 00000 00001 00000 00001 00000  
04:59:00 07/20/2022 00000 00000 00001 00000 00001 00000 00001 00000 00001 00000  
05:00:00 07/20/2022 00000 00000 00001 00000 00001 00000 00001 00000 00001 00000  
05:01:00 07/20/2022 00000 00000 00001 00000 00001 00000 00001 00000 00001 00000  
05:02:00 07/20/2022 00000 00000 00001 00000 00001 00000 00001 00000 00001 00000  
05:03:00 07/20/2022 00000 00000 00001 00000 00001 00000 00001 00000 00001 00000  
05:04:00 07/20/2022 00000 00000 00001 00000 00001 00000 00001 00000 00001 00000  
05:05:00 07/20/2022 00000 00000 00001 00000 00001 00000 00001 00000 00001 00000  
05:06:00 07/20/2022 00000 00000 00001 00000 00001 00000 00001 00000 00001 00000  
05:07:00 07/20/2022 00000 00000 00001 00000 00001 00000 00001 00000 00001 00000  
05:08:00 07/20/2022 00000 00000 00001 00000 00001 00000 00001 00000 00001 00000  
05:09:00 07/20/2022 00000 00000 00001 00000 00001 00000 00001 00000 00001 00000  
05:10:00 07/20/2022 00000 00000 00001 00000 00001 00000 00001 00000 00001 00000  
05:11:00 07/20/2022 00000 00000 00001 00000 00001 00000 00001 00000 00001 00000  
05:12:00 07/20/2022 00000 00000 00001 00000 00001 00000 00001 00000 00001 00000  
05:13:00 07/20/2022 00000 00000 00001 00000 00001 00000 00001 00000 00001 00000  
05:14:00 07/20/2022 00000 00000 00001 00000 00001 00000 00001 00000 00001 00000  
05:15:00 07/20/2022 00000 00000 00001 00000 00001 00000 00001 00000 00001 00000  
05:16:00 07/20/2022 00000 00000 00001 00000 00001 00000 00001 00000 00001 00000  
05:17:00 07/20/2022 00000 00000 00001 00000 00001 00000 00001 00000 00001 00000  
05:18:00 07/20/2022 00000 00000 00001 00000 00001 00000 00001 00000 00001 00000  
05:19:00 07/20/2022 00000 00000 00001 00000 00001 00000 00001 00000 00001 00000  
05:20:00 07/20/2022 00000 00000 00001 00000 00001 00000 00001 00000 00001 00000  
05:21:00 07/20/2022 00000 00000 00001 00000 00001 00000 00001 00000 00001 00000  
05:22:00 07/20/2022 00000 00000 00001 00000 00001 00000 00001 00000 00001 00000  
05:23:00 07/20/2022 00000 00000 00001 00000 00001 00000 00001 00000 00001 00000  
05:24:00 07/20/2022 00000 00000 00001 00000 00001 00000 00001 00000 00001 00000  
05:25:00 07/20/2022 00000 00000 00001 00000 00001 00000 00001 00000 00001 00000  
05:26:00 07/20/2022 00000 00000 00001 00000 00001 00000 00001 00000 00001 00000  
05:27:00 07/20/2022 00000 00000 00001 00000 00001 00000 00001 00000 00001 00000  
05:28:00 07/20/2022 00000 00000 00001 00000 00001 00000 00001 00000 00001 00000  
05:29:00 07/20/2022 00000 00000 00001 00000 00001 00000 00001 00000 00001 00000  
05:30:00 07/20/2022 00000 00000 00001 00000 00001 00000 00001 00000 00001 00000  
05:31:00 07/20/2022 00000 00000 00001 00000 00001 00000 00001 00000 00001 00000  
05:32:00 07/20/2022 00000 00000 00001 00000 00001 00000 00001 00000 00001 00000  
05:33:00 07/20/2022 00000 00000 00001 00000 00001 00000 00001 00000 00001 00000  
05:34:00 07/20/2022 00000 00000 00001 00000 00001 00000 00001 00000 00001 00000  
05:35:00 07/20/2022 00000 00000 00001 00000 00001 00000 00001 00000 00001 00000  
05:36:00 07/20/2022 00000 00000 00001 00000 00001 00000 00001 00000 00001 00000  
05:37:00 07/20/2022 00000 00000 00001 00000 00001 00000 00001 00000 00001 00000  
05:38:00 07/20/2022 00000 00000 00001 00000 00001 00000 00001 00000 00001 00000  
05:39:00 07/20/2022 00000 00000 00001 00000 00001 00000 00001 00000 00001 00000  
05:40:00 07/20/2022 00000 00000 00001 00000 00001 00000 00001 00000 00001 00000  
05:41:00 07/20/2022 00000 00000 00001 00000 00001 00000 00001 00000 00001 00000  
05:42:00 07/20/2022 00000 00000 00001 00000 00001 00000 00001 00000 00001 00000  
05:43:00 07/20/2022 00000 00000 00001 00000 00001 00000 00001 00000 00001 00000  
05:44:00 07/20/2022 00000 00000 00001 00000 00001 00000 00001 00000 00001 00000  
05:45:00 07/20/2022 00000 00000 00001 00000 00001 00000 00001 00000 00001 00000  
05:46:00 07/20/2022 00000 00000 00001 00000 00001 00000 00001 00000 00001 00000  
05:47:00 07/20/2022 00000 00000 00001 00000 00001 00000 00001 00000 00001 00000  
05:48:00 07/20/2022 00000 00000 00001 00000 00001 00000 00001 00000 00001 00000  
05:49:00 07/20/2022 00000 00000 00001 00000 00001 00000 00001 00000 00001 00000  
05:50:00 07/20/2022 00000 00000 00001 00000 00001 00000 00001 00000 00001 00000  
05:51:00 07/20/2022 00000 00000 00001 00000 00001 00000 00001 00000 00001 00000  
05:52:00 07/20/2022 00000 00000 00001 00000 00001 00000 00001 00000 00001 00000  
05:53:00 07/20/2022 00000 00000 00001 00000 00001 00000 00001 00000 00001 00000  
05:54:00 07/20/2022 00000 00000 00001 00000 00001 00000 00001 00000 00001 00000  
05:55:00 07/20/2022 00000 00000 00001 00000 00001 00000 00001 00000 00001 00000  
05:56:00 07/20/2022 00000 00000 00001 00000 00001 00000 00001 00000 00001 00000  
05:57:00 07/20/2022 00000 00000 00001 00000 00001 00000 00001 00000 00001 00000  
05:58:00 07/20/2022 00000 00000 00001 00000 00001 00000 00001 00000 00001 00000  
05:59:00 07/20/2022 00000 00000 00001 00000 00001 00000 00001 00000 00001 00000  
06:00:00 07/20/2022 00000 00000 00001 00000 00001 00000 00001 00000 00001 00000  
06:01:00 07/20/2022 00000 00000 00001 00000 00001 00000 00001 00000 00001 00000  
06:02:00 07/20/2022 00000 00000 00001 00000 00001 00000 00001 00000 00001 00000  
06:03:00 07/20/2022 00000 00000 00001 00000 00001 00000 00001 00000 00001 00000  
06:04:00 07/20/2022 00000 00000 00001 00000 00001 00000 00001 00000 00001 00000  
06:05:00 07/20/2022 00000 00000 00001 00000 00001 00000 00001 00000 00001 00000  
06:06:00 07/20/2022 00000 00000 00001 00000 00001 00000 00001 00000 00001 00000  
06:07:00 07/20/2022 00000 00000 00001 00000 00001 00000 00001 00000 00001 00000  
06:08:00 07/20/2022 00000 00000 00001 00000 00001 00000 00001 00000 00001 00000  
06:09:00 07/20/2022 00000 00000 00001 00000 00001 00000 00001 00000 00001 00000  
06:10:00 07/20/2022 00000 00000 00001 00000 00001 00000 00001 00000 00001 00000  
06:11:00 07/20/2022 00000 00000 00001 00000 00001 00000 00001 00000 00001 00000  
06:12:00 07/20/2022 00000 00000 00001 00000 00001 00000 00001 00000 00001 00000  
06:13:00 07/20/2022 00000 00000 00001 00000 00001 00000 00001 00000 00001 00000  
06:14:00 07/20/2022 00000 00000 00001 00000 00001 00049 00001 00000 00001 00000  
06:15:00 07/20/2022 00000 00000 00001 00000 00001 00000 00001 00000 00001 00000  
06:16:00 07/20/2022 00000 00000 00001 00000 00001 00000 00001 00000 00001 00000  
06:17:00 07/20/2022 00000 00000 00001 00000 00001 00000 00001 00000 00001 00000  
06:18:00 07/20/2022 00000 00000 00001 00000 00001 00000 00001 00000 00001 00000  
06:19:00 07/20/2022 00000 00000 00001 00000 00001 00000 00001 00000 00001 00000  
06:20:00 07/20/2022 00000 00000 00001 00000 00001 00000 00001 00000 00001 00000  
06:21:00 07/20/2022 00000 00000 00001 00000 00001 00000 00001 00000 00001 00000  
06:22:00 07/20/2022 00000 00000 00001 00000 00001 00000 00001 00000 00001 00000  
06:23:00 07/20/2022 00000 00000 00001 00000 00001 00000 00001 00000 00001 00000  
06:24:00 07/20/2022 00000 00000 00001 00000 00001 00000 00001 00000 00001 00000  
06:25:00 07/20/2022 00000 00000 00001 00000 00001 00000 00001 00000 00001 00000  
06:26:00 07/20/2022 00000 00000 00001 00000 00001 00000 00001 00000 00001 00000  
06:27:00 07/20/2022 00000 00000 00001 00000 00001 00000 00001 00000 00001 00000  
06:28:00 07/20/2022 00000 00000 00001 00000 00001 00000 00001 00000 00001 00000  
06:29:00 07/20/2022 00000 00000 00001 00000 00001 00000 00001 00000 00001 00000  
06:30:00 07/20/2022 00000 00000 00001 00000 00001 00000 00001 00000 00001 00000  
06:31:00 07/20/2022 00000 00000 00001 00000 00001 00000 00001 00000 00001 00000  
06:32:00 07/20/2022 00000 00000 00001 00000 00001 00000 00001 00000 00001 00000  
06:33:00 07/20/2022 00000 00000 00001 00000 00001 00000 00001 00000 00001 00000  
06:34:00 07/20/2022 00000 00000 00001 00000 00001 00000 00001 00000 00001 00000  
06:35:00 07/20/2022 00000 00000 00001 00000 00001 00000 00001 00000 00001 00000  
06:36:00 07/20/2022 00000 00000 00001 00000 00001 00000 00001 00000 00001 00000  
06:37:00 07/20/2022 00000 00000 00001 00000 00001 00000 00001 00000 00001 00000  
06:38:00 07/20/2022 00000 00000 00001 00000 00001 00000 00001 00000 00001 00000  
06:39:00 07/20/2022 00000 00000 00001 00000 00001 00000 00001 00000 00001 00000  
06:40:00 07/20/2022 00000 00000 00001 00000 00001 00000 00001 00000 00001 00000  
06:41:00 07/20/2022 00000 00000 00001 00000 00001 00000 00001 00000 00001 00000  
06:42:00 07/20/2022 00000 00000 00000 00000 00001 00000 00001 00000 00001 00000  
06:43:00 07/20/2022 00000 00000 00000 00000 00001 00000 00001 00000 00001 00000  
06:44:00 07/20/2022 00000 00000 00000 00000 00001 00000 00001 00000 00001 00000  
06:45:00 07/20/2022 00000 00000 00000 00000 00001 00000 00001 00000 00001 00000  
06:46:00 07/20/2022 00000 00000 00000 00000 00001 00000 00001 00000 00001 00000  
06:47:00 07/20/2022 00000 00000 00000 00000 00001 00000 00001 00000 00001 00000  
06:48:00 07/20/2022 00000 00000 00000 00000 00001 00000 00001 00000 00001 00000  
06:49:00 07/20/2022 00000 00000 00000 00000 00001 00000 00001 00000 00001 00000  
06:50:00 07/20/2022 00000 00000 00000 00000 00001 00000 00001 00000 00001 00000  
06:51:00 07/20/2022 00000 00000 00000 00000 00001 00000 00001 00000 00001 00000  
06:52:00 07/20/2022 00000 00000 00000 00000 00001 00000 00001 00000 00001 00000  
06:53:00 07/20/2022 00000 00000 00000 00000 00001 00000 00001 00000 00001 00000  
06:54:00 07/20/2022 00000 00000 00000 00000 00001 00000 00001 00000 00001 00000  
06:55:00 07/20/2022 00000 00000 00000 00000 00001 00000 00001 00000 00001 00000  
06:56:00 07/20/2022 00000 00000 00000 00000 00001 00000 00001 00000 00001 00000  
06:57:00 07/20/2022 00000 00000 00000 00000 00001 00000 00001 00000 00001 00000  
06:58:00 07/20/2022 00000 00000 00000 00000 00001 00000 00001 00000 00001 00000  
06:59:00 07/20/2022 00000 00000 00000 00000 00001 00000 00001 00000 00001 00000  
07:00:00 07/20/2022 00000 00000 00000 00000 00001 00000 00001 00000 00001 00000  
07:01:00 07/20/2022 00000 00000 00000 00000 00001 00000 00001 00000 00001 00000  
07:02:00 07/20/2022 00000 00000 00000 00000 00001 00000 00001 00000 00001 00000  
07:03:00 07/20/2022 00000 00000 00000 00000 00001 00000 00001 00000 00001 00000  
07:04:00 07/20/2022 00000 00000 00000 00000 00001 00000 00001 00000 00001 00000  
07:05:00 07/20/2022 00000 00000 00000 00000 00001 00000 00001 00000 00001 00000  
07:06:00 07/20/2022 00000 00000 00000 00000 00001 00000 00001 00000 00001 00049  
07:07:00 07/20/2022 00000 00000 00000 00000 00001 00000 00001 00000 00001 00000  
07:08:00 07/20/2022 00000 00000 00000 00000 00001 00000 00001 00000 00001 00000  
07:09:00 07/20/2022 00000 00000 00000 00000 00001 00000 00001 00000 00001 00000  
07:10:00 07/20/2022 00000 00000 00000 00000 00001 00000 00001 00000 00001 00000  
07:11:00 07/20/2022 00000 00000 00000 00000 00001 00000 00001 00000 00001 00000  
07:12:00 07/20/2022 00000 00000 00000 00000 00001 00000 00001 00000 00001 00000  
07:13:00 07/20/2022 00000 00000 00000 00000 00001 00000 00001 00000 00001 00000  
07:14:00 07/20/2022 00000 00000 00000 00000 00001 00000 00001 00000 00001 00000  
07:15:00 07/20/2022 00000 00000 00000 00000 00001 00000 00001 00000 00001 00000  
07:16:00 07/20/2022 00000 00000 00000 00000 00001 00000 00001 00000 00001 00000  
07:17:00 07/20/2022 00000 00000 00000 00000 00001 00000 00001 00000 00001 00000  
07:18:00 07/20/2022 00000 00000 00000 00000 00001 00000 00001 00000 00001 00000  
07:19:00 07/20/2022 00000 00000 00000 00000 00001 00000 00001 00000 00001 00000  
07:20:00 07/20/2022 00000 00000 00000 00000 00001 00000 00001 00000 00001 00000  
07:21:00 07/20/2022 00000 00000 00000 00000 00001 00000 00001 00000 00001 00000  
07:22:00 07/20/2022 00000 00000 00000 00000 00001 00000 00001 00000 00001 00000  
07:23:00 07/20/2022 00000 00000 00000 00000 00001 00000 00001 00000 00001 00000  
07:24:00 07/20/2022 00000 00000 00000 00000 00001 00000 00001 00000 00001 00000  
07:25:00 07/20/2022 00000 00000 00000 00000 00001 00000 00001 00000 00001 00000  
07:26:00 07/20/2022 00000 00000 00000 00000 00001 00000 00001 00000 00001 00000  
07:27:00 07/20/2022 00000 00000 00000 00000 00001 00000 00001 00000 00001 00000  
07:28:00 07/20/2022 00000 00000 00000 00000 00001 00000 00001 00000 00001 00000  
07:29:00 07/20/2022 00000 00000 00000 00000 00001 00000 00001 00000 00001 00000  
07:30:00 07/20/2022 00000 00000 00000 00000 00001 00000 00001 00000 00001 00000  
07:31:00 07/20/2022 00000 00000 00000 00000 00001 00000 00001 00000 00001 00000  
07:32:00 07/20/2022 00000 00000 00000 00000 00001 00000 00001 00000 00001 00000  
07:33:00 07/20/2022 00000 00000 00000 00000 00001 00000 00001 00000 00001 00000  
07:34:00 07/20/2022 00000 00000 00000 00000 00001 00000 00001 00000 00001 00000  
07:35:00 07/20/2022 00000 00000 00000 00000 00001 00000 00001 00000 00001 00000  
07:36:00 07/20/2022 00000 00000 00000 00000 00001 00000 00001 00000 00001 00000  
07:37:00 07/20/2022 00000 00000 00000 00000 00001 00000 00001 00000 00001 00000  
07:38:00 07/20/2022 00000 00000 00000 00000 00001 00000 00001 00000 00001 00000  
07:39:00 07/20/2022 00000 00000 00000 00000 00001 00000 00001 00000 00001 00000  
07:40:00 07/20/2022 00000 00000 00000 00024 00001 00000 00001 00025 00001 00000  
07:41:00 07/20/2022 00000 00000 00000 00000 00001 00000 00001 00000 00001 00000  
07:42:00 07/20/2022 00000 00000 00000 00000 00001 00000 00001 00000 00001 00000  
07:43:00 07/20/2022 00000 00000 00000 00000 00001 00000 00001 00000 00001 00000  
07:44:00 07/20/2022 00000 00000 00000 00000 00001 00000 00001 00000 00001 00000  
07:45:00 07/20/2022 00000 00000 00000 00000 00001 00000 00001 00000 00001 00000  
07:46:00 07/20/2022 00000 00000 00000 00000 00001 00000 00001 00000 00001 00000  
07:47:00 07/20/2022 00000 00000 00000 00000 00001 00000 00001 00000 00001 00000  
07:48:00 07/20/2022 00000 00000 00000 00000 00001 00000 00001 00000 00001 00000  
07:49:00 07/20/2022 00000 00000 00000 00000 00001 00000 00001 00000 00001 00000  
07:50:00 07/20/2022 00000 00000 00000 00000 00001 00000 00001 00000 00001 00000  
07:51:00 07/20/2022 00000 00000 00000 00000 00001 00000 00001 00000 00001 00000  
07:52:00 07/20/2022 00000 00000 00000 00000 00001 00000 00001 00000 00001 00000  
07:53:00 07/20/2022 00000 00000 00000 00000 00001 00000 00001 00000 00001 00000  
07:54:00 07/20/2022 00000 00000 00000 00000 00001 00000 00001 00000 00001 00000  
07:55:00 07/20/2022 00000 00000 00000 00000 00001 00000 00001 00000 00001 00000  
07:56:00 07/20/2022 00000 00000 00000 00000 00001 00000 00001 00000 00001 00000  
07:57:00 07/20/2022 00000 00000 00000 00000 00001 00000 00001 00000 00001 00000  
07:58:00 07/20/2022 00000 00000 00000 00000 00001 00000 00001 00000 00001 00000  
07:59:00 07/20/2022 00000 00000 00000 00000 00001 00000 00001 00000 00001 00000  
08:00:00 07/20/2022 00000 00000 00000 00000 00001 00000 00001 00000 00001 00000  
08:01:00 07/20/2022 00000 00000 00000 00000 00001 00000 00001 00000 00001 00000  
08:02:00 07/20/2022 00000 00000 00000 00000 00001 00000 00001 00000 00001 00000  
08:03:00 07/20/2022 00000 00000 00000 00000 00001 00000 00001 00000 00001 00000  
08:04:00 07/20/2022 00000 00000 00000 00120 00001 00000 00001 00074 00001 00000  
08:05:00 07/20/2022 00000 00000 00000 00000 00001 00000 00001 00000 00001 00000  
08:06:00 07/20/2022 00000 00000 00000 00000 00001 00000 00001 00000 00001 00000  
08:07:00 07/20/2022 00000 00000 00000 00000 00001 00000 00001 00000 00001 00000  
08:08:00 07/20/2022 00000 00000 00000 00000 00001 00000 00001 00000 00001 00000  
08:09:00 07/20/2022 00000 00000 00000 00000 00001 00000 00001 00000 00001 00000  
08:10:00 07/20/2022 00000 00000 00000 00000 00001 00000 00001 00000 00001 00000  
08:11:00 07/20/2022 00000 00000 00000 00000 00001 00000 00001 00000 00001 00000  
08:12:00 07/20/2022 00000 00000 00000 00000 00001 00000 00001 00000 00001 00000  
08:13:00 07/20/2022 00000 00000 00000 00000 00001 00000 00001 00000 00001 00000  
08:14:00 07/20/2022 00000 00000 00000 00000 00001 00000 00001 00000 00001 00000  
08:15:00 07/20/2022 00000 00000 00000 00000 00001 00000 00001 00000 00001 00000  
08:16:00 07/20/2022 00000 00000 00000 00024 00001 00000 00001 00025 00001 00000  
08:17:00 07/20/2022 00000 00000 00000 00000 00001 00000 00001 00000 00001 00000  
08:18:00 07/20/2022 00000 00000 00000 00000 00001 00000 00001 00000 00001 00000  
08:19:00 07/20/2022 00000 00000 00000 00000 00001 00000 00001 00000 00001 00000  
08:20:00 07/20/2022 00000 00000 00000 00000 00001 00000 00001 00000 00001 00000  
08:21:00 07/20/2022 00000 00000 00000 00000 00001 00000 00001 00000 00001 00000  
08:22:00 07/20/2022 00000 00000 00000 00000 00001 00000 00001 00000 00001 00000  
08:23:00 07/20/2022 00000 00000 00000 00000 00001 00000 00001 00000 00001 00000  
08:24:00 07/20/2022 00000 00000 00000 00024 00001 00000 00001 00000 00001 00000  
08:25:00 07/20/2022 00000 00000 00000 00000 00001 00000 00001 00000 00001 00000  
08:26:00 07/20/2022 00000 00000 00000 00000 00001 00000 00001 00000 00001 00000  
08:27:00 07/20/2022 00000 00000 00000 00000 00001 00000 00001 00000 00001 00000  
08:28:00 07/20/2022 00000 00000 00000 00000 00001 00000 00001 00000 00001 00000  
08:29:00 07/20/2022 00000 00000 00000 00024 00001 00000 00001 00025 00001 00000  
08:30:00 07/20/2022 00000 00000 00000 00024 00001 00000 00001 00000 00001 00000  
08:31:00 07/20/2022 00000 00000 00000 00000 00001 00000 00001 00000 00001 00000  
08:32:00 07/20/2022 00000 00000 00000 00000 00001 00000 00001 00000 00001 00000  
08:33:00 07/20/2022 00000 00000 00000 00000 00001 00000 00001 00000 00001 00000  
08:34:00 07/20/2022 00000 00000 00000 00000 00001 00000 00001 00000 00001 00000  
08:35:00 07/20/2022 00000 00000 00000 00024 00001 00000 00001 00000 00001 00000  
08:36:00 07/20/2022 00000 00000 00000 00000 00001 00000 00001 00000 00001 00000  
08:37:00 07/20/2022 00000 00000 00000 00000 00001 00000 00001 00000 00001 00000  
08:38:00 07/20/2022 00000 00000 00000 00000 00001 00000 00001 00000 00001 00000  
08:39:00 07/20/2022 00000 00000 00000 00000 00001 00000 00001 00000 00001 00000  
08:40:00 07/20/2022 00000 00000 00000 00024 00001 00000 00001 00000 00001 00000  
08:41:00 07/20/2022 00000 00000 00000 00000 00001 00000 00001 00000 00001 00000  
08:42:00 07/20/2022 00000 00000 00000 00024 00001 00000 00001 00024 00001 00000  
08:43:00 07/20/2022 00000 00000 00000 00000 00001 00000 00001 00000 00001 00000  
08:44:00 07/20/2022 00000 00000 00000 00000 00001 00000 00001 00000 00001 00000  
08:45:00 07/20/2022 00000 00000 00000 00000 00001 00000 00001 00000 00001 00000  
08:46:00 07/20/2022 00000 00000 00000 00000 00001 00000 00001 00000 00001 00000  
08:47:00 07/20/2022 00000 00000 00000 00024 00001 00000 00001 00025 00001 00000  
08:48:00 07/20/2022 00000 00000 00000 00024 00001 00000 00001 00000 00001 00000  
08:49:00 07/20/2022 00000 00000 00000 00071 00001 00000 00001 00025 00001 00000  
08:50:00 07/20/2022 00000 00000 00000 00000 00001 00000 00001 00000 00001 00000  
08:51:00 07/20/2022 00000 00000 00000 00000 00001 00000 00001 00000 00001 00000  
08:52:00 07/20/2022 00000 00000 00000 00000 00001 00000 00001 00000 00001 00000  
08:53:00 07/20/2022 00000 00000 00000 00000 00001 00000 00001 00000 00001 00000  
08:54:00 07/20/2022 00000 00000 00000 00000 00001 00000 00001 00025 00001 00000  
08:55:00 07/20/2022 00000 00000 00000 00000 00001 00000 00001 00000 00001 00000  
08:56:00 07/20/2022 00000 00000 00000 00000 00001 00000 00001 00000 00001 00000  
08:57:00 07/20/2022 00000 00000 00000 00000 00001 00000 00001 00000 00001 00000  
08:58:00 07/20/2022 00000 00000 00000 00000 00001 00000 00001 00000 00001 00000  
08:59:00 07/20/2022 00000 00000 00000 00000 00001 00000 00001 00000 00001 00000  
09:00:00 07/20/2022 00000 00000 00000 00000 00001 00000 00001 00000 00001 00000  
09:01:00 07/20/2022 00000 00000 00000 00000 00001 00000 00001 00000 00001 00000  
09:02:00 07/20/2022 00000 00000 00000 00048 00001 00000 00001 00025 00001 00000  
09:03:00 07/20/2022 00000 00000 00000 00000 00001 00000 00001 00000 00001 00000  
09:04:00 07/20/2022 00000 00000 00000 00000 00001 00000 00001 00000 00001 00000  
09:05:00 07/20/2022 00000 00000 00000 00000 00001 00000 00001 00000 00001 00000  
09:06:00 07/20/2022 00000 00000 00000 00000 00001 00000 00001 00000 00001 00000  
09:07:00 07/20/2022 00000 00000 00000 00048 00001 00000 00001 00000 00001 00000  
09:08:00 07/20/2022 00000 00000 00000 00000 00001 00000 00001 00000 00001 00000  
09:09:00 07/20/2022 00000 00000 00000 00000 00001 00000 00001 00000 00001 00000  
09:10:00 07/20/2022 00000 00000 00000 00000 00001 00000 00001 00000 00001 00000  
09:11:00 07/20/2022 00000 00000 00000 00000 00001 00000 00001 00000 00001 00000  
09:12:00 07/20/2022 00000 00000 00000 00000 00001 00000 00001 00000 00001 00000  
09:13:00 07/20/2022 00000 00000 00000 00000 00001 00000 00001 00000 00001 00000  
09:14:00 07/20/2022 00000 00000 00000 00000 00001 00000 00001 00000 00001 00000  
09:15:00 07/20/2022 00000 00000 00000 00000 00001 00000 00001 00000 00001 00000  
09:16:00 07/20/2022 00000 00000 00000 00048 00001 00000 00001 00025 00001 00000  
09:17:00 07/20/2022 00000 00000 00000 00023 00001 00000 00001 00024 00001 00000  
09:18:00 07/20/2022 00000 00000 00000 00071 00001 00000 00001 00000 00001 00000  
09:19:00 07/20/2022 00000 00000 00000 00000 00001 00024 00001 00099 00001 00042  
09:20:00 07/20/2022 00000 00000 00000 00023 00001 00000 00001 00024 00001 00000  
09:21:00 07/20/2022 00000 00000 00000 00000 00001 00000 00001 00000 00001 00000  
09:22:00 07/20/2022 00000 00000 00000 00000 00001 00000 00001 00000 00001 00000  
09:23:00 07/20/2022 00000 00000 00000 00000 00001 00000 00001 00000 00001 00000  
09:24:00 07/20/2022 00000 00000 00000 00000 00001 00000 00001 00000 00001 00000  
09:25:00 07/20/2022 00000 00000 00000 00000 00001 00000 00001 00000 00001 00000  
09:26:00 07/20/2022 00000 00000 00000 00000 00001 00000 00001 00000 00001 00000  
09:27:00 07/20/2022 00000 00000 00000 00000 00001 00000 00001 00000 00001 00000  
09:28:00 07/20/2022 00000 00000 00000 00000 00001 00000 00001 00000 00001 00000  
09:29:00 07/20/2022 00000 00000 00000 00000 00001 00000 00001 00000 00001 00000  
09:30:00 07/20/2022 00000 00000 00000 00000 00001 00024 00001 00075 00001 00000  
09:31:00 07/20/2022 00000 00000 00000 00024 00001 00000 00001 00000 00001 00000  
09:32:00 07/20/2022 00000 00000 00000 00024 00001 00000 00001 00000 00001 00000  
