/dev/ttyACM0
2022-07-20 16:06:01
0700190007001900070019000700190007001900
0000000000
0700190007001900070019000700190007001900
0000000000
270720222707202227072022270720222707202207000700070007000700
0700190007001900070019000700190007001900
0000000000
030820220308202203082022030820220308202207000700070007000700
0700190007001900070019000700190007001900
0000000000
100820221008202210082022100820221008202207000700070007000700
0700190007001900070019000700190007001900
0000000000
170820221708202217082022170820221708202207000700070007000700
0700190007001900070019000700190007001900
0000000000
240820222408202224082022240820222408202207000700070007000700
0700190007001900070019000700190007001900
0000000000
310820223108202231082022310820223108202207000700070007000700
0700190007001900070019000700190007001900
0000000000
070920220709202207092022070920220709202207000700070007000700
0700190007001900070019000700190007001900
0000000000
140920221409202214092022140920221409202207000700070007000700
0700190007001900070019000700190007001900
0000000000
210920222109202221092022210920222109202207000700070007000700
0700190007001900070019000700190007001900
0000000000
280920222809202228092022280920222809202207000700070007000700
0700190007001900070019000700190007001900
0000000000
051020220510202205102022051020220510202207000700070007000700
HH:MM:SS MO/DY/YEAR LED01 PIR01 LED02 PIR02 LED03 PIR03 LED04 PIR04 LED05 PIR05
16:07:59 07/20/2022 00001 00000 00001 00025 00001 00000 00001 00024 00001 00000  
16:08:59 07/20/2022 00001 00000 00001 00025 00001 00000 00001 00073 00001 00000  
16:09:59 07/20/2022 00001 00000 00001 00000 00001 00000 00001 00074 00001 00000  
16:10:59 07/20/2022 00001 00000 00001 00100 00001 00000 00001 00147 00001 00000  
16:11:59 07/20/2022 00001 00000 00001 00097 00001 00000 00001 00173 00001 00000  
16:12:59 07/20/2022 00001 00000 00001 00096 00001 00000 00001 00104 00001 00000  
16:13:59 07/20/2022 00001 00000 00001 00183 00001 00000 00001 00165 00001 00000  
16:14:59 07/20/2022 00001 00000 00001 00049 00001 00000 00001 00049 00001 00048  
16:15:59 07/20/2022 00001 00000 00001 00000 00001 00000 00001 00000 00001 00000  
16:16:59 07/20/2022 00001 00000 00001 00044 00001 00000 00001 00068 00001 00000  
16:17:59 07/20/2022 00001 00000 00001 00050 00001 00000 00001 00024 00001 00000  
16:18:59 07/20/2022 00001 00000 00001 00000 00001 00000 00001 00000 00001 00000  
16:19:59 07/20/2022 00001 00000 00001 00024 00001 00000 00001 00048 00001 00000  
16:20:59 07/20/2022 00001 00000 00001 00024 00001 00000 00001 00000 00001 00000  
16:21:59 07/20/2022 00001 00000 00001 00000 00001 00000 00001 00000 00001 00000  
16:22:59 07/20/2022 00001 00000 00001 00000 00001 00000 00001 00000 00001 00000  
16:23:59 07/20/2022 00001 00000 00001 00012 00001 00000 00001 00041 00001 00048  
16:24:59 07/20/2022 00001 00000 00001 00003 00001 00000 00001 00025 00001 00066  
16:25:59 07/20/2022 00001 00000 00001 00000 00001 00000 00001 00024 00001 00048  
16:26:59 07/20/2022 00001 00000 00001 00000 00001 00000 00001 00000 00001 00097  
16:27:59 07/20/2022 00001 00000 00001 00025 00001 00025 00001 00050 00001 00126  
16:28:59 07/20/2022 00001 00000 00001 00025 00001 00000 00001 00025 00001 00000  
16:29:59 07/20/2022 00001 00000 00001 00000 00001 00000 00001 00000 00001 00000  
16:30:59 07/20/2022 00001 00000 00001 00024 00001 00000 00001 00099 00001 00081  
16:31:59 07/20/2022 00001 00000 00001 00000 00001 00000 00001 00000 00001 00006  
16:32:59 07/20/2022 00001 00000 00001 00000 00001 00000 00001 00000 00001 00000  
16:33:59 07/20/2022 00001 00000 00001 00050 00001 00000 00001 00049 00001 00002  
16:34:59 07/20/2022 00001 00000 00001 00024 00001 00000 00001 00073 00001 00080  
16:35:59 07/20/2022 00001 00000 00001 00000 00001 00000 00001 00000 00001 00000  
16:36:59 07/20/2022 00001 00000 00001 00000 00001 00000 00001 00000 00001 00000  
16:37:59 07/20/2022 00001 00000 00001 00025 00001 00000 00001 00049 00001 00000  
16:38:59 07/20/2022 00001 00000 00001 00000 00001 00000 00001 00099 00001 00048  
16:39:59 07/20/2022 00001 00000 00001 00000 00001 00024 00001 00049 00001 00089  
16:40:59 07/20/2022 00001 00000 00001 00000 00001 00000 00001 00000 00001 00000  
16:41:59 07/20/2022 00001 00000 00001 00171 00001 00000 00001 00196 00001 00000  
16:42:59 07/20/2022 00001 00000 00001 00133 00001 00000 00001 00157 00001 00000  
16:43:59 07/20/2022 00001 00000 00001 00203 00001 00000 00001 00225 00001 00000  
16:44:59 07/20/2022 00001 00000 00001 00000 00001 00000 00001 00024 00001 00000  
16:45:59 07/20/2022 00001 00000 00001 00000 00001 00000 00001 00000 00001 00000  
16:46:59 07/20/2022 00001 00000 00001 00000 00001 00000 00001 00025 00001 00000  
16:47:59 07/20/2022 00001 00000 00001 00000 00001 00000 00001 00000 00001 00000  
16:48:59 07/20/2022 00001 00000 00001 00124 00001 00000 00001 00123 00001 00000  
16:49:59 07/20/2022 00001 00000 00001 00297 00001 00000 00001 00294 00001 00000  
16:50:59 07/20/2022 00001 00000 00001 00175 00001 00000 00001 00198 00001 00000  
16:51:59 07/20/2022 00001 00000 00001 00121 00001 00000 00001 00096 00001 00000  
16:52:59 07/20/2022 00001 00000 00001 00123 00001 00000 00001 00124 00001 00000  
16:53:59 07/20/2022 00001 00000 00001 00050 00001 00000 00001 00073 00001 00000  
16:54:59 07/20/2022 00001 00000 00001 00147 00001 00000 00001 00219 00001 00000  
16:55:59 07/20/2022 00001 00000 00001 00130 00001 00000 00001 00178 00001 00000  
16:56:59 07/20/2022 00001 00000 00001 00205 00001 00000 00001 00226 00001 00000  
16:57:59 07/20/2022 00001 00000 00001 00025 00001 00000 00001 00075 00001 00000  
16:58:59 07/20/2022 00001 00000 00001 00024 00001 00000 00001 00073 00001 00000  
16:59:59 07/20/2022 00001 00000 00001 00000 00001 00000 00001 00000 00001 00000  
17:00:59 07/20/2022 00001 00000 00001 00000 00001 00000 00001 00000 00001 00000  
17:01:59 07/20/2022 00001 00000 00001 00000 00001 00000 00001 00049 00001 00000  
17:02:59 07/20/2022 00001 00000 00001 00025 00001 00048 00001 00127 00001 00247  
17:03:59 07/20/2022 00001 00000 00001 00024 00001 00000 00001 00107 00001 00067  
17:04:59 07/20/2022 00001 00000 00001 00125 00001 00000 00001 00162 00001 00000  
17:05:59 07/20/2022 00001 00000 00001 00024 00001 00000 00001 00025 00001 00078  
17:06:59 07/20/2022 00001 00000 00001 00000 00001 00000 00001 00000 00001 00000  
17:07:59 07/20/2022 00001 00000 00001 00000 00001 00000 00001 00000 00001 00000  
17:08:59 07/20/2022 00001 00000 00001 00000 00001 00000 00001 00000 00001 00000  
17:09:59 07/20/2022 00001 00000 00001 00025 00001 00000 00001 00000 00001 00000  
17:10:59 07/20/2022 00001 00000 00001 00000 00001 00000 00001 00000 00001 00000  
17:11:59 07/20/2022 00001 00000 00001 00048 00001 00000 00001 00024 00001 00000  
17:12:59 07/20/2022 00001 00000 00001 00049 00001 00000 00001 00049 00001 00000  
17:13:59 07/20/2022 00001 00000 00001 00024 00001 00000 00001 00024 00001 00000  
17:14:59 07/20/2022 00001 00000 00001 00000 00001 00000 00001 00000 00001 00000  
17:15:59 07/20/2022 00001 00000 00001 00000 00001 00000 00001 00000 00001 00000  
17:16:59 07/20/2022 00001 00000 00001 00000 00001 00000 00001 00000 00001 00000  
17:17:59 07/20/2022 00001 00000 00001 00098 00001 00000 00001 00098 00001 00000  
17:18:59 07/20/2022 00001 00000 00001 00024 00001 00000 00001 00000 00001 00000  
17:19:59 07/20/2022 00001 00000 00001 00000 00001 00000 00001 00000 00001 00000  
17:20:59 07/20/2022 00001 00000 00001 00000 00001 00000 00001 00000 00001 00000  
17:21:59 07/20/2022 00001 00000 00001 00024 00001 00000 00001 00000 00001 00000  
17:22:59 07/20/2022 00001 00000 00001 00050 00001 00000 00001 00025 00001 00000  
17:23:59 07/20/2022 00001 00000 00001 00024 00001 00000 00001 00000 00001 00000  
17:24:59 07/20/2022 00001 00000 00001 00000 00001 00000 00001 00000 00001 00000  
17:25:59 07/20/2022 00001 00000 00001 00000 00001 00000 00001 00000 00001 00000  
17:26:59 07/20/2022 00001 00000 00001 00000 00001 00000 00001 00000 00001 00000  
17:27:59 07/20/2022 00001 00000 00001 00000 00001 00000 00001 00000 00001 00000  
17:28:59 07/20/2022 00001 00000 00001 00000 00001 00000 00001 00000 00001 00000  
17:29:59 07/20/2022 00001 00000 00001 00000 00001 00000 00001 00000 00001 00000  
17:30:59 07/20/2022 00001 00000 00001 00000 00001 00000 00001 00000 00001 00000  
17:31:59 07/20/2022 00001 00000 00001 00081 00001 00000 00001 00000 00001 00000  
17:32:59 07/20/2022 00001 00000 00001 00008 00001 00000 00001 00000 00001 00000  
17:33:59 07/20/2022 00001 00000 00001 00000 00001 00000 00001 00000 00001 00000  
17:34:59 07/20/2022 00001 00000 00001 00000 00001 00000 00001 00000 00001 00000  
17:35:59 07/20/2022 00001 00000 00001 00024 00001 00000 00001 00024 00001 00000  
17:36:59 07/20/2022 00001 00000 00001 00025 00001 00000 00001 00000 00001 00000  
17:37:59 07/20/2022 00001 00000 00001 00000 00001 00000 00001 00000 00001 00049  
17:38:59 07/20/2022 00001 00000 00001 00025 00001 00000 00001 00025 00001 00000  
17:39:59 07/20/2022 00001 00000 00001 00000 00001 00000 00001 00000 00001 00000  
17:40:59 07/20/2022 00001 00000 00001 00000 00001 00000 00001 00000 00001 00000  
17:41:59 07/20/2022 00001 00000 00001 00000 00001 00000 00001 00000 00001 00000  
17:42:59 07/20/2022 00001 00000 00001 00000 00001 00000 00001 00000 00001 00000  
17:43:59 07/20/2022 00001 00000 00001 00049 00001 00000 00001 00025 00001 00000  
17:44:59 07/20/2022 00001 00000 00001 00000 00001 00000 00001 00000 00001 00000  
17:45:59 07/20/2022 00001 00000 00001 00000 00001 00000 00001 00000 00001 00000  
17:46:59 07/20/2022 00001 00000 00001 00050 00001 00000 00001 00048 00001 00000  
17:47:59 07/20/2022 00001 00000 00001 00295 00001 00000 00001 00197 00001 00000  
17:48:59 07/20/2022 00001 00000 00001 00256 00001 00024 00001 00241 00001 00000  
17:49:59 07/20/2022 00001 00000 00001 00315 00001 00024 00001 00287 00001 00000  
17:50:59 07/20/2022 00001 00000 00001 00336 00001 00000 00001 00267 00001 00000  
17:51:59 07/20/2022 00001 00000 00001 00170 00001 00000 00001 00120 00001 00000  
17:52:59 07/20/2022 00001 00000 00001 00000 00001 00000 00001 00000 00001 00000  
17:53:59 07/20/2022 00001 00000 00001 00000 00001 00000 00001 00000 00001 00000  
17:54:59 07/20/2022 00001 00000 00001 00024 00001 00000 00001 00024 00001 00000  
17:55:59 07/20/2022 00001 00000 00001 00025 00001 00000 00001 00024 00001 00000  
17:56:59 07/20/2022 00001 00000 00001 00025 00001 00000 00001 00025 00001 00000  
17:57:59 07/20/2022 00001 00000 00001 00000 00001 00000 00001 00000 00001 00000  
17:58:59 07/20/2022 00001 00000 00001 00049 00001 00000 00001 00000 00001 00000  
17:59:59 07/20/2022 00001 00000 00001 00048 00001 00000 00001 00000 00001 00000  
18:00:59 07/20/2022 00001 00000 00001 00000 00001 00000 00001 00000 00001 00000  
18:01:59 07/20/2022 00001 00000 00001 00025 00001 00000 00001 00025 00001 00000  
18:02:59 07/20/2022 00001 00000 00001 00024 00001 00000 00001 00000 00001 00000  
18:03:59 07/20/2022 00001 00000 00001 00049 00001 00000 00001 00049 00001 00000  
18:04:59 07/20/2022 00001 00000 00001 00144 00001 00000 00001 00146 00001 00000  
18:05:59 07/20/2022 00001 00000 00001 00073 00001 00000 00001 00073 00001 00000  
18:06:59 07/20/2022 00001 00000 00001 00050 00001 00025 00001 00073 00001 00000  
18:07:59 07/20/2022 00001 00000 00001 00223 00001 00000 00001 00197 00001 00000  
18:08:59 07/20/2022 00001 00000 00001 00360 00001 00000 00001 00362 00001 00000  
18:09:59 07/20/2022 00001 00000 00001 00024 00001 00000 00001 00025 00001 00000  
18:10:59 07/20/2022 00001 00000 00001 00000 00001 00000 00001 00042 00001 00000  
18:11:59 07/20/2022 00001 00000 00001 00000 00001 00048 00001 00025 00001 00000  
18:12:59 07/20/2022 00001 00000 00001 00000 00001 00000 00001 00000 00001 00000  
18:13:59 07/20/2022 00001 00000 00001 00000 00001 00000 00001 00000 00001 00000  
18:14:59 07/20/2022 00001 00000 00001 00000 00001 00000 00001 00000 00001 00000  
18:15:59 07/20/2022 00001 00000 00001 00000 00001 00000 00001 00000 00001 00000  
18:16:59 07/20/2022 00001 00000 00001 00149 00001 00000 00001 00124 00001 00000  
18:17:59 07/20/2022 00001 00000 00001 00000 00001 00000 00001 00000 00001 00000  
18:18:59 07/20/2022 00001 00000 00001 00000 00001 00000 00001 00000 00001 00000  
18:19:59 07/20/2022 00001 00000 00001 00000 00001 00000 00001 00000 00001 00000  
18:20:59 07/20/2022 00001 00000 00001 00000 00001 00000 00001 00000 00001 00000  
18:21:59 07/20/2022 00001 00000 00001 00149 00001 00000 00001 00098 00001 00000  
18:22:59 07/20/2022 00001 00000 00001 00196 00001 00000 00001 00149 00001 00000  
18:23:59 07/20/2022 00001 00000 00001 00000 00001 00000 00001 00000 00001 00000  
18:24:59 07/20/2022 00001 00000 00001 00000 00001 00000 00001 00000 00001 00000  
18:25:59 07/20/2022 00001 00000 00001 00025 00001 00024 00001 00000 00001 00000  
18:26:59 07/20/2022 00001 00000 00001 00000 00001 00024 00001 00000 00001 00000  
18:27:59 07/20/2022 00001 00000 00001 00048 00001 00000 00001 00000 00001 00000  
18:28:59 07/20/2022 00001 00000 00001 00125 00001 00024 00001 00075 00001 00000  
18:29:59 07/20/2022 00001 00000 00001 00161 00001 00000 00001 00097 00001 00000  
18:30:59 07/20/2022 00001 00000 00001 00029 00001 00000 00001 00000 00001 00000  
18:31:59 07/20/2022 00001 00000 00001 00082 00001 00000 00001 00000 00001 00000  
18:32:59 07/20/2022 00001 00000 00001 00083 00001 00000 00001 00049 00001 00000  
18:33:59 07/20/2022 00001 00000 00001 00004 00001 00000 00001 00000 00001 00000  
18:34:59 07/20/2022 00001 00000 00001 00075 00001 00024 00001 00000 00001 00000  
18:35:59 07/20/2022 00001 00000 00001 00000 00001 00000 00001 00000 00001 00000  
18:36:59 07/20/2022 00001 00000 00001 00000 00001 00000 00001 00000 00001 00000  
18:37:59 07/20/2022 00001 00000 00001 00000 00001 00000 00001 00000 00001 00000  
18:38:59 07/20/2022 00001 00000 00001 00025 00001 00000 00001 00025 00001 00000  
18:39:59 07/20/2022 00001 00000 00001 00000 00001 00000 00001 00000 00001 00000  
18:40:59 07/20/2022 00001 00000 00001 00025 00001 00000 00001 00000 00001 00000  
18:41:59 07/20/2022 00001 00000 00001 00025 00001 00072 00001 00000 00001 00000  
18:42:59 07/20/2022 00001 00000 00001 00074 00001 00024 00001 00024 00001 00000  
18:43:59 07/20/2022 00001 00000 00001 00050 00001 00000 00001 00000 00001 00000  
18:44:59 07/20/2022 00001 00000 00001 00073 00001 00000 00001 00000 00001 00000  
18:45:59 07/20/2022 00001 00000 00001 00147 00001 00024 00001 00025 00001 00000  
18:46:59 07/20/2022 00001 00000 00001 00148 00001 00000 00001 00049 00001 00000  
18:47:59 07/20/2022 00001 00000 00001 00054 00001 00024 00001 00000 00001 00000  
18:48:59 07/20/2022 00001 00000 00001 00133 00001 00000 00001 00049 00001 00000  
18:49:59 07/20/2022 00001 00000 00001 00145 00001 00000 00001 00121 00001 00000  
18:50:59 07/20/2022 00001 00000 00001 00237 00001 00000 00001 00137 00001 00000  
18:51:59 07/20/2022 00001 00000 00001 00097 00001 00000 00001 00097 00001 00000  
18:52:59 07/20/2022 00001 00000 00001 00025 00001 00000 00001 00025 00001 00000  
18:53:59 07/20/2022 00001 00000 00001 00000 00001 00000 00001 00000 00001 00000  
18:54:59 07/20/2022 00001 00000 00001 00000 00001 00000 00001 00000 00001 00000  
18:55:59 07/20/2022 00001 00000 00001 00000 00001 00000 00001 00000 00001 00000  
18:56:59 07/20/2022 00001 00000 00001 00000 00001 00000 00001 00000 00001 00000  
18:57:59 07/20/2022 00001 00000 00001 00000 00001 00000 00001 00000 00001 00000  
18:58:59 07/20/2022 00001 00000 00001 00000 00001 00000 00001 00000 00001 00000  
18:59:59 07/20/2022 00001 00000 00001 00000 00001 00000 00001 00000 00001 00000  
19:00:59 07/20/2022 00000 00000 00000 00025 00000 00000 00000 00025 00000 00000  
19:01:59 07/20/2022 00000 00000 00000 00000 00000 00000 00000 00000 00000 00000  
19:02:59 07/20/2022 00000 00000 00000 00000 00000 00000 00000 00000 00000 00000  
19:03:59 07/20/2022 00000 00000 00000 00000 00000 00000 00000 00000 00000 00000  
19:04:59 07/20/2022 00000 00000 00000 00000 00000 00000 00000 00000 00000 00000  
19:05:59 07/20/2022 00000 00000 00000 00000 00000 00000 00000 00000 00000 00000  
19:06:59 07/20/2022 00000 00000 00000 00000 00000 00000 00000 00000 00000 00000  
19:07:59 07/20/2022 00000 00000 00000 00000 00000 00000 00000 00000 00000 00000  
19:08:59 07/20/2022 00000 00000 00000 00000 00000 00000 00000 00000 00000 00000  
19:09:59 07/20/2022 00000 00000 00000 00000 00000 00000 00000 00000 00000 00000  
19:10:59 07/20/2022 00000 00000 00000 00000 00000 00000 00000 00000 00000 00000  
19:11:59 07/20/2022 00000 00000 00000 00000 00000 00000 00000 00000 00000 00000  
19:12:59 07/20/2022 00000 00000 00000 00000 00000 00000 00000 00000 00000 00000  
19:13:59 07/20/2022 00000 00000 00000 00000 00000 00000 00000 00000 00000 00000  
19:14:59 07/20/2022 00000 00000 00000 00000 00000 00000 00000 00000 00000 00000  
19:15:59 07/20/2022 00000 00000 00000 00000 00000 00000 00000 00000 00000 00000  
19:16:59 07/20/2022 00000 00000 00000 00000 00000 00000 00000 00000 00000 00000  
19:17:59 07/20/2022 00000 00000 00000 00000 00000 00000 00000 00000 00000 00000  
19:18:59 07/20/2022 00000 00000 00000 00000 00000 00000 00000 00000 00000 00000  
19:19:59 07/20/2022 00000 00000 00000 00048 00000 00000 00000 00024 00000 00000  
19:20:59 07/20/2022 00000 00000 00000 00024 00000 00000 00000 00024 00000 00000  
19:21:59 07/20/2022 00000 00000 00000 00000 00000 00000 00000 00000 00000 00000  
19:22:59 07/20/2022 00000 00000 00000 00074 00000 00000 00000 00025 00000 00000  
19:23:59 07/20/2022 00000 00000 00000 00000 00000 00000 00000 00000 00000 00000  
19:24:59 07/20/2022 00000 00000 00000 00000 00000 00000 00000 00000 00000 00000  
19:25:59 07/20/2022 00000 00000 00000 00024 00000 00000 00000 00024 00000 00097  
19:26:59 07/20/2022 00000 00000 00000 00000 00000 00000 00000 00000 00000 00000  
19:27:59 07/20/2022 00000 00000 00000 00000 00000 00000 00000 00000 00000 00000  
19:28:59 07/20/2022 00000 00000 00000 00000 00000 00000 00000 00000 00000 00000  
19:29:59 07/20/2022 00000 00000 00000 00000 00000 00000 00000 00000 00000 00000  
19:30:59 07/20/2022 00000 00000 00000 00025 00000 00000 00000 00000 00000 00000  
19:31:59 07/20/2022 00000 00000 00000 00025 00000 00000 00000 00000 00000 00000  
19:32:59 07/20/2022 00000 00000 00000 00000 00000 00000 00000 00000 00000 00000  
19:33:59 07/20/2022 00000 00000 00000 00000 00000 00000 00000 00000 00000 00000  
19:34:59 07/20/2022 00000 00000 00000 00000 00000 00000 00000 00000 00000 00000  
19:35:59 07/20/2022 00000 00000 00000 00024 00000 00000 00000 00000 00000 00000  
19:36:59 07/20/2022 00000 00000 00000 00000 00000 00000 00000 00000 00000 00000  
19:37:59 07/20/2022 00000 00000 00000 00000 00000 00000 00000 00000 00000 00000  
19:38:59 07/20/2022 00000 00000 00000 00000 00000 00000 00000 00000 00000 00000  
19:39:59 07/20/2022 00000 00000 00000 00000 00000 00000 00000 00000 00000 00000  
19:40:59 07/20/2022 00000 00000 00000 00000 00000 00000 00000 00000 00000 00000  
19:41:59 07/20/2022 00000 00000 00000 00000 00000 00000 00000 00000 00000 00000  
19:42:59 07/20/2022 00000 00000 00000 00025 00000 00000 00000 00000 00000 00000  
19:43:59 07/20/2022 00000 00000 00000 00025 00000 00025 00000 00000 00000 00000  
19:44:59 07/20/2022 00000 00000 00000 00000 00000 00000 00000 00000 00000 00000  
19:45:59 07/20/2022 00000 00000 00000 00000 00000 00000 00000 00000 00000 00000  
19:46:59 07/20/2022 00000 00000 00000 00000 00000 00000 00000 00000 00000 00000  
19:47:59 07/20/2022 00000 00000 00000 00000 00000 00000 00000 00000 00000 00048  
19:48:59 07/20/2022 00000 00000 00000 00000 00000 00000 00000 00000 00000 00000  
19:49:59 07/20/2022 00000 00000 00000 00000 00000 00000 00000 00000 00000 00000  
19:50:59 07/20/2022 00000 00000 00000 00000 00000 00000 00000 00000 00000 00000  
19:51:59 07/20/2022 00000 00000 00000 00025 00000 00000 00000 00000 00000 00000  
19:52:59 07/20/2022 00000 00000 00000 00000 00000 00000 00000 00000 00000 00000  
19:53:59 07/20/2022 00000 00000 00000 00000 00000 00000 00000 00000 00000 00000  
19:54:59 07/20/2022 00000 00000 00000 00000 00000 00000 00000 00000 00000 00000  
19:55:59 07/20/2022 00000 00000 00000 00000 00000 00000 00000 00000 00000 00000  
19:56:59 07/20/2022 00000 00000 00000 00000 00000 00000 00000 00000 00000 00000  
19:57:59 07/20/2022 00000 00000 00000 00000 00000 00000 00000 00000 00000 00000  
19:58:59 07/20/2022 00000 00000 00000 00000 00000 00000 00000 00000 00000 00000  
19:59:59 07/20/2022 00000 00000 00000 00000 00000 00000 00000 00000 00000 00000  
20:00:59 07/20/2022 00000 00000 00000 00000 00000 00000 00000 00000 00000 00000  
20:01:59 07/20/2022 00000 00000 00000 00000 00000 00000 00000 00000 00000 00000  
20:02:59 07/20/2022 00000 00000 00000 00000 00000 00000 00000 00000 00000 00000  
20:03:59 07/20/2022 00000 00000 00000 00000 00000 00000 00000 00000 00000 00000  
20:04:59 07/20/2022 00000 00000 00000 00000 00000 00000 00000 00000 00000 00000  
20:05:59 07/20/2022 00000 00000 00000 00098 00000 00000 00000 00073 00000 00000  
20:06:59 07/20/2022 00000 00000 00000 00000 00000 00000 00000 00000 00000 00000  
20:07:59 07/20/2022 00000 00000 00000 00025 00000 00000 00000 00000 00000 00000  
20:08:59 07/20/2022 00000 00000 00000 00049 00000 00024 00000 00025 00000 00000  
20:09:59 07/20/2022 00000 00000 00000 00000 00000 00000 00000 00000 00000 00000  
20:10:59 07/20/2022 00000 00000 00000 00000 00000 00000 00000 00000 00000 00000  
20:11:59 07/20/2022 00000 00000 00000 00000 00000 00000 00000 00000 00000 00049  
20:12:59 07/20/2022 00000 00000 00000 00000 00000 00000 00000 00000 00000 00000  
20:13:59 07/20/2022 00000 00000 00000 00000 00000 00000 00000 00000 00000 00000  
20:14:59 07/20/2022 00000 00000 00000 00000 00000 00006 00000 00000 00000 00000  
20:15:59 07/20/2022 00000 00000 00000 00000 00000 00009 00000 00000 00000 00041  
20:16:59 07/20/2022 00000 00000 00000 00000 00000 00000 00000 00000 00000 00000  
20:17:59 07/20/2022 00000 00000 00000 00000 00000 00000 00000 00000 00000 00000  
20:18:59 07/20/2022 00000 00000 00000 00000 00000 00000 00000 00000 00000 00000  
20:19:59 07/20/2022 00000 00000 00000 00000 00000 00000 00000 00000 00000 00000  
20:20:59 07/20/2022 00000 00000 00000 00000 00000 00000 00000 00000 00000 00000  
20:21:59 07/20/2022 00000 00000 00000 00000 00000 00000 00000 00000 00000 00000  
20:22:59 07/20/2022 00000 00000 00000 00000 00000 00000 00000 00000 00000 00000  
20:23:59 07/20/2022 00000 00000 00000 00000 00000 00000 00000 00000 00000 00000  
20:24:59 07/20/2022 00000 00000 00000 00000 00000 00000 00000 00000 00000 00000  
20:25:59 07/20/2022 00000 00000 00000 00000 00000 00000 00000 00000 00000 00000  
20:26:59 07/20/2022 00000 00000 00000 00024 00000 00000 00000 00000 00000 00000  
20:27:59 07/20/2022 00000 00000 00000 00049 00000 00000 00000 00000 00000 00000  
20:28:59 07/20/2022 00000 00000 00000 00000 00000 00000 00000 00000 00000 00000  
20:29:59 07/20/2022 00000 00000 00000 00000 00000 00000 00000 00000 00000 00000  
20:30:59 07/20/2022 00000 00000 00000 00000 00000 00000 00000 00000 00000 00000  
20:31:59 07/20/2022 00000 00000 00000 00000 00000 00000 00000 00000 00000 00000  
20:32:59 07/20/2022 00000 00000 00000 00000 00000 00000 00000 00000 00000 00000  
20:33:59 07/20/2022 00000 00000 00000 00000 00000 00000 00000 00000 00000 00000  
20:34:59 07/20/2022 00000 00000 00000 00000 00000 00000 00000 00000 00000 00000  
20:35:59 07/20/2022 00000 00000 00000 00000 00000 00000 00000 00000 00000 00000  
20:36:59 07/20/2022 00000 00000 00000 00000 00000 00000 00000 00000 00000 00000  
20:37:59 07/20/2022 00000 00000 00000 00000 00000 00000 00000 00000 00000 00000  
20:38:59 07/20/2022 00000 00000 00000 00000 00000 00000 00000 00000 00000 00000  
20:39:59 07/20/2022 00000 00000 00000 00000 00000 00000 00000 00000 00000 00000  
20:40:59 07/20/2022 00000 00000 00000 00050 00000 00000 00000 00049 00000 00000  
20:41:59 07/20/2022 00000 00000 00000 00296 00000 00000 00000 00294 00000 00000  
20:42:59 07/20/2022 00000 00000 00000 00092 00000 00000 00000 00092 00000 00000  
20:43:59 07/20/2022 00000 00000 00000 00050 00000 00000 00000 00048 00000 00000  
20:44:59 07/20/2022 00000 00000 00000 00000 00000 00000 00000 00000 00000 00000  
20:45:59 07/20/2022 00000 00000 00000 00046 00000 00000 00000 00046 00000 00000  
20:46:59 07/20/2022 00000 00000 00000 00157 00000 00024 00000 00156 00000 00000  
20:47:59 07/20/2022 00000 00000 00000 00072 00000 00000 00000 00072 00000 00000  
20:48:59 07/20/2022 00000 00000 00000 00074 00000 00000 00000 00074 00000 00000  
20:49:59 07/20/2022 00000 00000 00000 00000 00000 00000 00000 00000 00000 00000  
20:50:59 07/20/2022 00000 00000 00000 00000 00000 00000 00000 00000 00000 00000  
20:51:59 07/20/2022 00000 00000 00000 00193 00000 00000 00000 00192 00000 00000  
20:52:59 07/20/2022 00000 00000 00000 00293 00000 00000 00000 00292 00000 00000  
20:53:59 07/20/2022 00000 00000 00000 00000 00000 00000 00000 00000 00000 00000  
20:54:59 07/20/2022 00000 00000 00000 00025 00000 00000 00000 00025 00000 00000  
20:55:59 07/20/2022 00000 00000 00000 00146 00000 00000 00000 00146 00000 00000  
20:56:59 07/20/2022 00000 00000 00000 00049 00000 00000 00000 00048 00000 00000  
20:57:59 07/20/2022 00000 00000 00000 00000 00000 00000 00000 00000 00000 00000  
20:58:59 07/20/2022 00000 00000 00000 00000 00000 00000 00000 00000 00000 00000  
20:59:59 07/20/2022 00000 00000 00000 00025 00000 00000 00000 00000 00000 00000  
21:00:59 07/20/2022 00000 00000 00000 00000 00000 00000 00000 00000 00000 00000  
21:01:59 07/20/2022 00000 00000 00000 00000 00000 00000 00000 00000 00000 00000  
21:02:59 07/20/2022 00000 00000 00000 00024 00000 00000 00000 00024 00000 00000  
21:03:59 07/20/2022 00000 00000 00000 00000 00000 00000 00000 00000 00000 00000  
21:04:59 07/20/2022 00000 00000 00000 00000 00000 00000 00000 00000 00000 00000  
21:05:59 07/20/2022 00000 00000 00000 00000 00000 00000 00000 00000 00000 00000  
21:06:59 07/20/2022 00000 00000 00000 00000 00000 00000 00000 00000 00000 00000  
21:07:59 07/20/2022 00000 00000 00000 00000 00000 00000 00000 00000 00000 00000  
21:08:59 07/20/2022 00000 00000 00000 00025 00000 00000 00000 00024 00000 00000  
21:09:59 07/20/2022 00000 00000 00000 00000 00000 00000 00000 00000 00000 00000  
21:10:59 07/20/2022 00000 00000 00000 00000 00000 00000 00000 00000 00000 00000  
21:11:59 07/20/2022 00000 00000 00000 00000 00000 00000 00000 00000 00000 00000  
21:12:59 07/20/2022 00000 00000 00000 00000 00000 00000 00000 00000 00000 00000  
21:13:59 07/20/2022 00000 00000 00000 00000 00000 00000 00000 00000 00000 00000  
21:14:59 07/20/2022 00000 00000 00000 00000 00000 00000 00000 00000 00000 00000  
21:15:59 07/20/2022 00000 00000 00000 00000 00000 00000 00000 00024 00000 00000  
21:16:59 07/20/2022 00000 00000 00000 00000 00000 00000 00000 00000 00000 00000  
21:17:59 07/20/2022 00000 00000 00000 00000 00000 00000 00000 00000 00000 00000  
21:18:59 07/20/2022 00000 00000 00000 00019 00000 00000 00000 00000 00000 00000  
21:19:59 07/20/2022 00000 00000 00000 00000 00000 00000 00000 00000 00000 00000  
21:20:59 07/20/2022 00000 00000 00000 00049 00000 00000 00000 00048 00000 00000  
21:21:59 07/20/2022 00000 00000 00000 00146 00000 00000 00000 00145 00000 00000  
21:22:59 07/20/2022 00000 00000 00000 00124 00000 00000 00000 00124 00000 00000  
21:23:59 07/20/2022 00000 00000 00000 00074 00000 00000 00000 00074 00000 00000  
21:24:59 07/20/2022 00000 00000 00000 00146 00000 00000 00000 00147 00000 00000  
21:25:59 07/20/2022 00000 00000 00000 00116 00000 00000 00000 00099 00000 00000  
21:26:59 07/20/2022 00000 00000 00000 00074 00000 00048 00000 00097 00000 00000  
21:27:59 07/20/2022 00000 00000 00000 00074 00000 00000 00000 00075 00000 00000  
21:28:59 07/20/2022 00000 00000 00000 00195 00000 00000 00000 00172 00000 00000  
21:29:59 07/20/2022 00000 00000 00000 00171 00000 00000 00000 00171 00000 00000  
21:30:59 07/20/2022 00000 00000 00000 00173 00000 00000 00000 00173 00000 00000  
21:31:59 07/20/2022 00000 00000 00000 00188 00000 00000 00000 00189 00000 00000  
21:32:59 07/20/2022 00000 00000 00000 00168 00000 00000 00000 00168 00000 00000  
21:33:59 07/20/2022 00000 00000 00000 00244 00000 00025 00000 00244 00000 00000  
21:34:59 07/20/2022 00000 00000 00000 00219 00000 00000 00000 00220 00000 00000  
21:35:59 07/20/2022 00000 00000 00000 00244 00000 00000 00000 00245 00000 00000  
21:36:59 07/20/2022 00000 00000 00000 00254 00000 00024 00000 00254 00000 00000  
21:37:59 07/20/2022 00000 00000 00000 00249 00000 00000 00000 00251 00000 00000  
21:38:59 07/20/2022 00000 00000 00000 00193 00000 00000 00000 00193 00000 00000  
21:39:59 07/20/2022 00000 00000 00000 00049 00000 00000 00000 00049 00000 00000  
21:40:59 07/20/2022 00000 00000 00000 00025 00000 00000 00000 00025 00000 00000  
21:41:59 07/20/2022 00000 00000 00000 00000 00000 00000 00000 00000 00000 00000  
21:42:59 07/20/2022 00000 00000 00000 00049 00000 00000 00000 00000 00000 00000  
21:43:59 07/20/2022 00000 00000 00000 00075 00000 00000 00000 00000 00000 00000  
21:44:59 07/20/2022 00000 00000 00000 00099 00000 00000 00000 00000 00000 00000  
21:45:59 07/20/2022 00000 00000 00000 00073 00000 00000 00000 00000 00000 00000  
21:46:59 07/20/2022 00000 00000 00000 00099 00000 00000 00000 00000 00000 00000  
21:47:59 07/20/2022 00000 00000 00000 00025 00000 00000 00000 00000 00000 00000  
21:48:59 07/20/2022 00000 00000 00000 00044 00000 00000 00000 00000 00000 00000  
21:49:59 07/20/2022 00000 00000 00000 00097 00000 00000 00000 00000 00000 00000  
21:50:59 07/20/2022 00000 00000 00000 00025 00000 00000 00000 00000 00000 00000  
21:51:59 07/20/2022 00000 00000 00000 00000 00000 00000 00000 00000 00000 00000  
21:52:59 07/20/2022 00000 00000 00000 00025 00000 00000 00000 00000 00000 00000  
21:53:59 07/20/2022 00000 00000 00000 00048 00000 00000 00000 00000 00000 00000  
21:54:59 07/20/2022 00000 00000 00000 00098 00000 00000 00000 00000 00000 00000  
21:55:59 07/20/2022 00000 00000 00000 00073 00000 00000 00000 00000 00000 00000  
21:56:59 07/20/2022 00000 00000 00000 00123 00000 00000 00000 00000 00000 00000  
21:57:59 07/20/2022 00000 00000 00000 00099 00000 00000 00000 00000 00000 00000  
21:58:59 07/20/2022 00000 00000 00000 00099 00000 00000 00000 00000 00000 00000  
21:59:59 07/20/2022 00000 00000 00000 00049 00000 00000 00000 00000 00000 00000  
22:00:59 07/20/2022 00000 00000 00000 00106 00000 00000 00000 00000 00000 00000  
22:01:59 07/20/2022 00000 00000 00000 00162 00000 00000 00000 00024 00000 00000  
22:02:59 07/20/2022 00000 00000 00000 00129 00000 00000 00000 00000 00000 00000  
22:03:59 07/20/2022 00000 00000 00000 00072 00000 00000 00000 00000 00000 00000  
22:04:59 07/20/2022 00000 00000 00000 00099 00000 00000 00000 00000 00000 00000  
22:05:59 07/20/2022 00000 00000 00000 00073 00000 00000 00000 00000 00000 00000  
22:06:59 07/20/2022 00000 00000 00000 00000 00000 00000 00000 00000 00000 00000  
22:07:59 07/20/2022 00000 00000 00000 00098 00000 00000 00000 00000 00000 00000  
22:08:59 07/20/2022 00000 00000 00000 00147 00000 00000 00000 00000 00000 00000  
22:09:59 07/20/2022 00000 00000 00000 00000 00000 00000 00000 00000 00000 00000  
22:10:59 07/20/2022 00000 00000 00000 00074 00000 00024 00000 00050 00000 00000  
22:11:59 07/20/2022 00000 00000 00000 00050 00000 00000 00000 00000 00000 00000  
22:12:59 07/20/2022 00000 00000 00000 00025 00000 00000 00000 00000 00000 00000  
22:13:59 07/20/2022 00000 00000 00000 00000 00000 00000 00000 00000 00000 00000  
22:14:59 07/20/2022 00000 00000 00000 00025 00000 00000 00000 00000 00000 00000  
22:15:59 07/20/2022 00000 00000 00000 00097 00000 00000 00000 00000 00000 00000  
22:16:59 07/20/2022 00000 00000 00000 00139 00000 00000 00000 00000 00000 00000  
22:17:59 07/20/2022 00000 00000 00000 00098 00000 00000 00000 00000 00000 00000  
22:18:59 07/20/2022 00000 00000 00000 00025 00000 00000 00000 00024 00000 00000  
22:19:59 07/20/2022 00000 00000 00000 00024 00000 00000 00000 00024 00000 00000  
22:20:59 07/20/2022 00000 00000 00000 00000 00000 00000 00000 00000 00000 00000  
22:21:59 07/20/2022 00000 00000 00000 00000 00000 00000 00000 00000 00000 00000  
22:22:59 07/20/2022 00000 00000 00000 00000 00000 00000 00000 00000 00000 00000  
22:23:59 07/20/2022 00000 00000 00000 00000 00000 00000 00000 00000 00000 00000  
22:24:59 07/20/2022 00000 00000 00000 00000 00000 00000 00000 00000 00000 00000  
22:25:59 07/20/2022 00000 00000 00000 00000 00000 00000 00000 00000 00000 00000  
22:26:59 07/20/2022 00000 00000 00000 00000 00000 00000 00000 00000 00000 00000  
22:27:59 07/20/2022 00000 00000 00000 00000 00000 00000 00000 00000 00000 00000  
22:28:59 07/20/2022 00000 00000 00000 00000 00000 00000 00000 00000 00000 00000  
22:29:59 07/20/2022 00000 00000 00000 00000 00000 00000 00000 00000 00000 00000  
22:30:59 07/20/2022 00000 00000 00000 00000 00000 00000 00000 00000 00000 00000  
22:31:59 07/20/2022 00000 00000 00000 00000 00000 00000 00000 00000 00000 00000  
22:32:59 07/20/2022 00000 00000 00000 00000 00000 00000 00000 00000 00000 00000  
22:33:59 07/20/2022 00000 00000 00000 00000 00000 00000 00000 00000 00000 00000  
22:34:59 07/20/2022 00000 00000 00000 00000 00000 00000 00000 00000 00000 00000  
22:35:59 07/20/2022 00000 00000 00000 00000 00000 00000 00000 00000 00000 00000  
22:36:59 07/20/2022 00000 00000 00000 00000 00000 00000 00000 00000 00000 00000  
22:37:59 07/20/2022 00000 00000 00000 00025 00000 00000 00000 00000 00000 00000  
22:38:59 07/20/2022 00000 00000 00000 00000 00000 00000 00000 00000 00000 00000  
22:39:59 07/20/2022 00000 00000 00000 00000 00000 00000 00000 00000 00000 00000  
22:40:59 07/20/2022 00000 00000 00000 00000 00000 00000 00000 00000 00000 00000  
22:41:59 07/20/2022 00000 00000 00000 00000 00000 00000 00000 00000 00000 00000  
22:42:59 07/20/2022 00000 00000 00000 00024 00000 00000 00000 00000 00000 00000  
22:43:59 07/20/2022 00000 00000 00000 00074 00000 00000 00000 00000 00000 00000  
22:44:59 07/20/2022 00000 00000 00000 00025 00000 00000 00000 00000 00000 00000  
22:45:59 07/20/2022 00000 00000 00000 00148 00000 00000 00000 00000 00000 00000  
22:46:59 07/20/2022 00000 00000 00000 00073 00000 00000 00000 00000 00000 00000  
22:47:59 07/20/2022 00000 00000 00000 00024 00000 00000 00000 00000 00000 00000  
22:48:59 07/20/2022 00000 00000 00000 00000 00000 00000 00000 00000 00000 00000  
22:49:59 07/20/2022 00000 00000 00000 00000 00000 00000 00000 00000 00000 00000  
22:50:59 07/20/2022 00000 00000 00000 00000 00000 00000 00000 00000 00000 00000  
22:51:59 07/20/2022 00000 00000 00000 00000 00000 00000 00000 00000 00000 00000  
22:52:59 07/20/2022 00000 00000 00000 00025 00000 00000 00000 00000 00000 00000  
22:53:59 07/20/2022 00000 00000 00000 00000 00000 00000 00000 00000 00000 00000  
22:54:59 07/20/2022 00000 00000 00000 00000 00000 00000 00000 00000 00000 00000  
22:55:59 07/20/2022 00000 00000 00000 00025 00000 00000 00000 00000 00000 00000  
22:56:59 07/20/2022 00000 00000 00000 00000 00000 00000 00000 00000 00000 00000  
22:57:59 07/20/2022 00000 00000 00000 00000 00000 00000 00000 00000 00000 00000  
22:58:59 07/20/2022 00000 00000 00000 00000 00000 00000 00000 00000 00000 00000  
22:59:59 07/20/2022 00000 00000 00000 00000 00000 00000 00000 00000 00000 00000  
23:00:59 07/20/2022 00000 00000 00000 00000 00000 00000 00000 00000 00000 00000  
23:01:59 07/20/2022 00000 00000 00000 00000 00000 00000 00000 00000 00000 00000  
23:02:59 07/20/2022 00000 00000 00000 00000 00000 00000 00000 00000 00000 00000  
23:03:59 07/20/2022 00000 00000 00000 00000 00000 00000 00000 00000 00000 00000  
23:04:59 07/20/2022 00000 00000 00000 00000 00000 00000 00000 00000 00000 00000  
23:05:59 07/20/2022 00000 00000 00000 00000 00000 00000 00000 00000 00000 00000  
23:06:59 07/20/2022 00000 00000 00000 00000 00000 00000 00000 00000 00000 00000  
23:07:59 07/20/2022 00000 00000 00000 00000 00000 00000 00000 00000 00000 00000  
23:08:59 07/20/2022 00000 00000 00000 00000 00000 00000 00000 00000 00000 00000  
23:09:59 07/20/2022 00000 00000 00000 00000 00000 00000 00000 00000 00000 00000  
23:10:59 07/20/2022 00000 00000 00000 00000 00000 00000 00000 00000 00000 00000  
23:11:59 07/20/2022 00000 00000 00000 00000 00000 00000 00000 00000 00000 00000  
23:12:59 07/20/2022 00000 00000 00000 00000 00000 00000 00000 00000 00000 00000  
23:13:59 07/20/2022 00000 00000 00000 00000 00000 00000 00000 00000 00000 00000  
23:14:59 07/20/2022 00000 00000 00000 00194 00000 00000 00000 00196 00000 00000  
23:15:59 07/20/2022 00000 00000 00000 00000 00000 00000 00000 00000 00000 00000  
23:16:59 07/20/2022 00000 00000 00000 00000 00000 00000 00000 00000 00000 00000  
23:17:59 07/20/2022 00000 00000 00000 00000 00000 00000 00000 00000 00000 00000  
23:18:59 07/20/2022 00000 00000 00000 00000 00000 00000 00000 00000 00000 00000  
23:19:59 07/20/2022 00000 00000 00000 00000 00000 00000 00000 00000 00000 00000  
23:20:59 07/20/2022 00000 00000 00000 00000 00000 00000 00000 00000 00000 00000  
23:21:59 07/20/2022 00000 00000 00000 00000 00000 00000 00000 00000 00000 00000  
23:22:59 07/20/2022 00000 00000 00000 00000 00000 00000 00000 00000 00000 00000  
23:23:59 07/20/2022 00000 00000 00000 00000 00000 00000 00000 00000 00000 00000  
23:24:59 07/20/2022 00000 00000 00000 00000 00000 00000 00000 00000 00000 00000  
23:25:59 07/20/2022 00000 00000 00000 00000 00000 00000 00000 00000 00000 00000  
23:26:59 07/20/2022 00000 00000 00000 00000 00000 00000 00000 00000 00000 00000  
23:27:59 07/20/2022 00000 00000 00000 00000 00000 00000 00000 00000 00000 00000  
23:28:59 07/20/2022 00000 00000 00000 00000 00000 00000 00000 00000 00000 00000  
23:29:59 07/20/2022 00000 00000 00000 00000 00000 00000 00000 00000 00000 00000  
23:30:59 07/20/2022 00000 00000 00000 00025 00000 00000 00000 00024 00000 00000  
23:31:59 07/20/2022 00000 00000 00000 00000 00000 00000 00000 00000 00000 00000  
23:32:59 07/20/2022 00000 00000 00000 00000 00000 00000 00000 00000 00000 00000  
23:33:59 07/20/2022 00000 00000 00000 00000 00000 00000 00000 00000 00000 00000  
23:34:59 07/20/2022 00000 00000 00000 00000 00000 00000 00000 00000 00000 00000  
23:35:59 07/20/2022 00000 00000 00000 00000 00000 00000 00000 00000 00000 00000  
23:36:59 07/20/2022 00000 00000 00000 00000 00000 00000 00000 00000 00000 00000  
23:37:59 07/20/2022 00000 00000 00000 00000 00000 00000 00000 00000 00000 00000  
23:38:59 07/20/2022 00000 00000 00000 00000 00000 00000 00000 00000 00000 00000  
23:39:59 07/20/2022 00000 00000 00000 00000 00000 00000 00000 00000 00000 00000  
23:40:59 07/20/2022 00000 00000 00000 00000 00000 00000 00000 00000 00000 00000  
23:41:59 07/20/2022 00000 00000 00000 00024 00000 00000 00000 00000 00000 00000  
23:42:59 07/20/2022 00000 00000 00000 00000 00000 00000 00000 00000 00000 00000  
23:43:59 07/20/2022 00000 00000 00000 00024 00000 00000 00000 00000 00000 00000  
23:44:59 07/20/2022 00000 00000 00000 00000 00000 00000 00000 00000 00000 00000  
23:45:59 07/20/2022 00000 00000 00000 00000 00000 00000 00000 00000 00000 00000  
23:46:59 07/20/2022 00000 00000 00000 00117 00000 00000 00000 00116 00000 00000  
23:47:59 07/20/2022 00000 00000 00000 00097 00000 00000 00000 00097 00000 00000  
23:48:59 07/20/2022 00000 00000 00000 00000 00000 00000 00000 00000 00000 00000  
23:49:59 07/20/2022 00000 00000 00000 00000 00000 00000 00000 00000 00000 00000  
23:50:59 07/20/2022 00000 00000 00000 00000 00000 00000 00000 00000 00000 00000  
23:51:59 07/20/2022 00000 00000 00000 00000 00000 00000 00000 00000 00000 00000  
23:52:59 07/20/2022 00000 00000 00000 00000 00000 00000 00000 00000 00000 00000  
23:53:59 07/20/2022 00000 00000 00000 00000 00000 00000 00000 00000 00000 00000  
23:54:59 07/20/2022 00000 00000 00000 00000 00000 00000 00000 00000 00000 00000  
23:55:59 07/20/2022 00000 00000 00000 00000 00000 00000 00000 00000 00000 00000  
23:56:59 07/20/2022 00000 00000 00000 00000 00000 00000 00000 00000 00000 00000  
23:57:59 07/20/2022 00000 00000 00000 00000 00000 00000 00000 00000 00000 00000  
23:58:59 07/20/2022 00000 00000 00000 00000 00000 00000 00000 00000 00000 00000  
23:59:59 07/20/2022 00000 00000 00000 00000 00000 00000 00000 00000 00000 00000  
00:00:59 07/21/2022 00000 00000 00000 00000 00000 00000 00000 00000 00000 00000  
00:01:59 07/21/2022 00000 00000 00000 00000 00000 00000 00000 00000 00000 00000  
00:02:59 07/21/2022 00000 00000 00000 00000 00000 00000 00000 00000 00000 00000  
00:03:59 07/21/2022 00000 00000 00000 00025 00000 00000 00000 00025 00000 00000  
00:04:59 07/21/2022 00000 00000 00000 00000 00000 00000 00000 00000 00000 00000  
00:05:59 07/21/2022 00000 00000 00000 00000 00000 00000 00000 00000 00000 00000  
00:06:59 07/21/2022 00000 00000 00000 00000 00000 00000 00000 00000 00000 00000  
00:07:59 07/21/2022 00000 00000 00000 00000 00000 00000 00000 00000 00000 00000  
00:08:59 07/21/2022 00000 00000 00000 00025 00000 00000 00000 00024 00000 00000  
00:09:59 07/21/2022 00000 00000 00000 00000 00000 00000 00000 00000 00000 00000  
00:10:59 07/21/2022 00000 00000 00000 00000 00000 00000 00000 00000 00000 00000  
00:11:59 07/21/2022 00000 00000 00000 00000 00000 00000 00000 00000 00000 00000  
00:12:59 07/21/2022 00000 00000 00000 00025 00000 00000 00000 00025 00000 00000  
00:13:59 07/21/2022 00000 00000 00000 00000 00000 00000 00000 00000 00000 00000  
00:14:59 07/21/2022 00000 00000 00000 00000 00000 00000 00000 00000 00000 00000  
00:15:59 07/21/2022 00000 00000 00000 00000 00000 00000 00000 00000 00000 00000  
00:16:59 07/21/2022 00000 00000 00000 00000 00000 00000 00000 00000 00000 00000  
00:17:59 07/21/2022 00000 00000 00000 00000 00000 00000 00000 00000 00000 00000  
00:18:59 07/21/2022 00000 00000 00000 00000 00000 00000 00000 00000 00000 00000  
00:19:59 07/21/2022 00000 00000 00000 00000 00000 00000 00000 00000 00000 00000  
00:20:59 07/21/2022 00000 00000 00000 00000 00000 00000 00000 00000 00000 00000  
00:21:59 07/21/2022 00000 00000 00000 00000 00000 00000 00000 00000 00000 00000  
00:22:59 07/21/2022 00000 00000 00000 00000 00000 00000 00000 00000 00000 00000  
00:23:59 07/21/2022 00000 00000 00000 00000 00000 00000 00000 00000 00000 00000  
00:24:59 07/21/2022 00000 00000 00000 00000 00000 00000 00000 00000 00000 00000  
00:25:59 07/21/2022 00000 00000 00000 00000 00000 00000 00000 00000 00000 00000  
00:26:59 07/21/2022 00000 00000 00000 00000 00000 00000 00000 00000 00000 00000  
00:27:59 07/21/2022 00000 00000 00000 00000 00000 00000 00000 00000 00000 00000  
00:28:59 07/21/2022 00000 00000 00000 00000 00000 00000 00000 00000 00000 00000  
00:29:59 07/21/2022 00000 00000 00000 00000 00000 00000 00000 00000 00000 00000  
00:30:59 07/21/2022 00000 00000 00000 00000 00000 00000 00000 00000 00000 00000  
00:31:59 07/21/2022 00000 00000 00000 00000 00000 00000 00000 00000 00000 00000  
00:32:59 07/21/2022 00000 00000 00000 00000 00000 00000 00000 00000 00000 00000  
00:33:59 07/21/2022 00000 00000 00000 00000 00000 00000 00000 00000 00000 00000  
00:34:59 07/21/2022 00000 00000 00000 00000 00000 00000 00000 00000 00000 00000  
00:35:59 07/21/2022 00000 00000 00000 00000 00000 00000 00000 00000 00000 00000  
00:36:59 07/21/2022 00000 00000 00000 00000 00000 00000 00000 00000 00000 00000  
00:37:59 07/21/2022 00000 00000 00000 00000 00000 00000 00000 00000 00000 00000  
00:38:59 07/21/2022 00000 00000 00000 00000 00000 00000 00000 00000 00000 00000  
00:39:59 07/21/2022 00000 00000 00000 00000 00000 00000 00000 00000 00000 00000  
00:40:59 07/21/2022 00000 00000 00000 00000 00000 00000 00000 00000 00000 00000  
00:41:59 07/21/2022 00000 00000 00000 00000 00000 00000 00000 00000 00000 00000  
00:42:59 07/21/2022 00000 00000 00000 00000 00000 00000 00000 00000 00000 00000  
00:43:59 07/21/2022 00000 00000 00000 00000 00000 00000 00000 00000 00000 00000  
00:44:59 07/21/2022 00000 00000 00000 00000 00000 00000 00000 00000 00000 00000  
00:45:59 07/21/2022 00000 00000 00000 00000 00000 00000 00000 00000 00000 00000  
00:46:59 07/21/2022 00000 00000 00000 00000 00000 00000 00000 00000 00000 00000  
00:47:59 07/21/2022 00000 00000 00000 00000 00000 00000 00000 00000 00000 00000  
00:48:59 07/21/2022 00000 00000 00000 00000 00000 00000 00000 00000 00000 00000  
00:49:59 07/21/2022 00000 00000 00000 00000 00000 00000 00000 00000 00000 00000  
00:50:59 07/21/2022 00000 00000 00000 00025 00000 00000 00000 00000 00000 00000  
00:51:59 07/21/2022 00000 00000 00000 00025 00000 00000 00000 00000 00000 00000  
00:52:59 07/21/2022 00000 00000 00000 00025 00000 00000 00000 00000 00000 00000  
00:53:59 07/21/2022 00000 00000 00000 00025 00000 00000 00000 00000 00000 00000  
00:54:59 07/21/2022 00000 00000 00000 00024 00000 00000 00000 00000 00000 00000  
00:55:59 07/21/2022 00000 00000 00000 00025 00000 00000 00000 00000 00000 00000  
00:56:59 07/21/2022 00000 00000 00000 00025 00000 00000 00000 00000 00000 00000  
00:57:59 07/21/2022 00000 00000 00000 00025 00000 00000 00000 00000 00000 00000  
00:58:59 07/21/2022 00000 00000 00000 00049 00000 00000 00000 00000 00000 00000  
00:59:59 07/21/2022 00000 00000 00000 00000 00000 00000 00000 00000 00000 00000  
01:00:59 07/21/2022 00000 00000 00000 00024 00000 00000 00000 00000 00000 00000  
01:01:59 07/21/2022 00000 00000 00000 00000 00000 00000 00000 00000 00000 00000  
01:02:59 07/21/2022 00000 00000 00000 00000 00000 00000 00000 00000 00000 00000  
01:03:59 07/21/2022 00000 00000 00000 00049 00000 00000 00000 00000 00000 00000  
01:04:59 07/21/2022 00000 00000 00000 00000 00000 00000 00000 00000 00000 00000  
01:05:59 07/21/2022 00000 00000 00000 00000 00000 00000 00000 00000 00000 00000  
01:06:59 07/21/2022 00000 00000 00000 00000 00000 00000 00000 00000 00000 00000  
01:07:59 07/21/2022 00000 00000 00000 00000 00000 00000 00000 00000 00000 00000  
01:08:59 07/21/2022 00000 00000 00000 00000 00000 00000 00000 00000 00000 00000  
01:09:59 07/21/2022 00000 00000 00000 00000 00000 00000 00000 00000 00000 00000  
01:10:59 07/21/2022 00000 00000 00000 00000 00000 00000 00000 00000 00000 00000  
01:11:59 07/21/2022 00000 00000 00000 00000 00000 00000 00000 00000 00000 00000  
01:12:59 07/21/2022 00000 00000 00000 00024 00000 00000 00000 00000 00000 00000  
01:13:59 07/21/2022 00000 00000 00000 00000 00000 00000 00000 00000 00000 00000  
01:14:59 07/21/2022 00000 00000 00000 00025 00000 00000 00000 00000 00000 00000  
01:15:59 07/21/2022 00000 00000 00000 00000 00000 00000 00000 00000 00000 00000  
01:16:59 07/21/2022 00000 00000 00000 00000 00000 00000 00000 00000 00000 00000  
01:17:59 07/21/2022 00000 00000 00000 00000 00000 00000 00000 00000 00000 00000  
01:18:59 07/21/2022 00000 00000 00000 00100 00000 00000 00000 00000 00000 00000  
01:19:59 07/21/2022 00000 00000 00000 00000 00000 00000 00000 00000 00000 00000  
01:20:59 07/21/2022 00000 00000 00000 00000 00000 00000 00000 00000 00000 00000  
01:21:59 07/21/2022 00000 00000 00000 00000 00000 00000 00000 00000 00000 00000  
01:22:59 07/21/2022 00000 00000 00000 00000 00000 00000 00000 00000 00000 00000  
01:23:59 07/21/2022 00000 00000 00000 00000 00000 00000 00000 00000 00000 00000  
01:24:59 07/21/2022 00000 00000 00000 00000 00000 00000 00000 00000 00000 00000  
01:25:59 07/21/2022 00000 00000 00000 00000 00000 00000 00000 00000 00000 00000  
01:26:59 07/21/2022 00000 00000 00000 00000 00000 00000 00000 00000 00000 00000  
01:27:59 07/21/2022 00000 00000 00000 00000 00000 00000 00000 00000 00000 00000  
01:28:59 07/21/2022 00000 00000 00000 00000 00000 00000 00000 00000 00000 00000  
01:29:59 07/21/2022 00000 00000 00000 00000 00000 00000 00000 00000 00000 00000  
01:30:59 07/21/2022 00000 00000 00000 00000 00000 00000 00000 00000 00000 00000  
01:31:59 07/21/2022 00000 00000 00000 00025 00000 00000 00000 00025 00000 00000  
01:32:59 07/21/2022 00000 00000 00000 00000 00000 00000 00000 00000 00000 00000  
01:33:59 07/21/2022 00000 00000 00000 00000 00000 00000 00000 00000 00000 00000  
01:34:59 07/21/2022 00000 00000 00000 00000 00000 00000 00000 00000 00000 00000  
01:35:59 07/21/2022 00000 00000 00000 00000 00000 00000 00000 00000 00000 00000  
01:36:59 07/21/2022 00000 00000 00000 00000 00000 00000 00000 00000 00000 00000  
01:37:59 07/21/2022 00000 00000 00000 00000 00000 00000 00000 00000 00000 00000  
01:38:59 07/21/2022 00000 00000 00000 00000 00000 00000 00000 00000 00000 00000  
01:39:59 07/21/2022 00000 00000 00000 00000 00000 00000 00000 00000 00000 00000  
01:40:59 07/21/2022 00000 00000 00000 00000 00000 00000 00000 00000 00000 00000  
01:41:59 07/21/2022 00000 00000 00000 00000 00000 00000 00000 00000 00000 00000  
01:42:59 07/21/2022 00000 00000 00000 00000 00000 00000 00000 00000 00000 00000  
01:43:59 07/21/2022 00000 00000 00000 00000 00000 00000 00000 00000 00000 00000  
01:44:59 07/21/2022 00000 00000 00000 00000 00000 00000 00000 00000 00000 00000  
01:45:59 07/21/2022 00000 00000 00000 00000 00000 00000 00000 00000 00000 00000  
01:46:59 07/21/2022 00000 00000 00000 00000 00000 00000 00000 00000 00000 00000  
01:47:59 07/21/2022 00000 00000 00000 00000 00000 00000 00000 00000 00000 00000  
01:48:59 07/21/2022 00000 00000 00000 00000 00000 00000 00000 00000 00000 00000  
01:49:59 07/21/2022 00000 00000 00000 00000 00000 00000 00000 00000 00000 00000  
01:50:59 07/21/2022 00000 00000 00000 00000 00000 00000 00000 00000 00000 00000  
01:51:59 07/21/2022 00000 00000 00000 00000 00000 00000 00000 00000 00000 00000  
01:52:59 07/21/2022 00000 00000 00000 00000 00000 00000 00000 00000 00000 00000  
01:53:59 07/21/2022 00000 00000 00000 00000 00000 00000 00000 00000 00000 00000  
01:54:59 07/21/2022 00000 00000 00000 00000 00000 00000 00000 00000 00000 00000  
01:55:59 07/21/2022 00000 00000 00000 00000 00000 00000 00000 00000 00000 00000  
01:56:59 07/21/2022 00000 00000 00000 00000 00000 00000 00000 00000 00000 00000  
01:57:59 07/21/2022 00000 00000 00000 00000 00000 00000 00000 00000 00000 00000  
01:58:59 07/21/2022 00000 00000 00000 00000 00000 00000 00000 00000 00000 00000  
01:59:59 07/21/2022 00000 00000 00000 00000 00000 00000 00000 00000 00000 00000  
02:00:59 07/21/2022 00000 00000 00000 00000 00000 00000 00000 00000 00000 00000  
02:01:59 07/21/2022 00000 00000 00000 00025 00000 00000 00000 00000 00000 00000  
02:02:59 07/21/2022 00000 00000 00000 00000 00000 00000 00000 00000 00000 00000  
02:03:59 07/21/2022 00000 00000 00000 00000 00000 00000 00000 00000 00000 00000  
02:04:59 07/21/2022 00000 00000 00000 00000 00000 00000 00000 00000 00000 00000  
02:05:59 07/21/2022 00000 00000 00000 00000 00000 00000 00000 00000 00000 00000  
02:06:59 07/21/2022 00000 00000 00000 00000 00000 00000 00000 00000 00000 00000  
02:07:59 07/21/2022 00000 00000 00000 00000 00000 00000 00000 00000 00000 00000  
02:08:59 07/21/2022 00000 00000 00000 00000 00000 00000 00000 00000 00000 00000  
02:09:59 07/21/2022 00000 00000 00000 00000 00000 00000 00000 00000 00000 00000  
02:10:59 07/21/2022 00000 00000 00000 00000 00000 00000 00000 00000 00000 00000  
02:11:59 07/21/2022 00000 00000 00000 00000 00000 00000 00000 00000 00000 00000  
02:12:59 07/21/2022 00000 00000 00000 00000 00000 00000 00000 00000 00000 00000  
02:13:59 07/21/2022 00000 00000 00000 00000 00000 00000 00000 00000 00000 00000  
02:14:59 07/21/2022 00000 00000 00000 00000 00000 00000 00000 00000 00000 00000  
02:15:59 07/21/2022 00000 00000 00000 00000 00000 00000 00000 00000 00000 00000  
02:16:59 07/21/2022 00000 00000 00000 00000 00000 00000 00000 00000 00000 00000  
02:17:59 07/21/2022 00000 00000 00000 00000 00000 00000 00000 00000 00000 00000  
02:18:59 07/21/2022 00000 00000 00000 00000 00000 00000 00000 00000 00000 00000  
02:19:59 07/21/2022 00000 00000 00000 00000 00000 00000 00000 00000 00000 00000  
02:20:59 07/21/2022 00000 00000 00000 00025 00000 00000 00000 00024 00000 00000  
02:21:59 07/21/2022 00000 00000 00000 00000 00000 00000 00000 00000 00000 00000  
02:22:59 07/21/2022 00000 00000 00000 00000 00000 00000 00000 00000 00000 00000  
02:23:59 07/21/2022 00000 00000 00000 00000 00000 00000 00000 00000 00000 00000  
02:24:59 07/21/2022 00000 00000 00000 00000 00000 00000 00000 00000 00000 00000  
02:25:59 07/21/2022 00000 00000 00000 00000 00000 00000 00000 00000 00000 00000  
02:26:59 07/21/2022 00000 00000 00000 00000 00000 00000 00000 00000 00000 00000  
02:27:59 07/21/2022 00000 00000 00000 00000 00000 00000 00000 00000 00000 00000  
02:28:59 07/21/2022 00000 00000 00000 00000 00000 00000 00000 00000 00000 00000  
02:29:59 07/21/2022 00000 00000 00000 00000 00000 00000 00000 00000 00000 00000  
02:30:59 07/21/2022 00000 00000 00000 00000 00000 00000 00000 00000 00000 00000  
02:31:59 07/21/2022 00000 00000 00000 00000 00000 00000 00000 00000 00000 00000  
02:32:59 07/21/2022 00000 00000 00000 00024 00000 00000 00000 00024 00000 00000  
02:33:59 07/21/2022 00000 00000 00000 00025 00000 00000 00000 00025 00000 00000  
02:34:59 07/21/2022 00000 00000 00000 00000 00000 00000 00000 00000 00000 00000  
02:35:59 07/21/2022 00000 00000 00000 00000 00000 00000 00000 00000 00000 00000  
02:36:59 07/21/2022 00000 00000 00000 00000 00000 00000 00000 00000 00000 00000  
02:37:59 07/21/2022 00000 00000 00000 00000 00000 00000 00000 00000 00000 00000  
02:38:59 07/21/2022 00000 00000 00000 00000 00000 00000 00000 00000 00000 00000  
02:39:59 07/21/2022 00000 00000 00000 00000 00000 00000 00000 00000 00000 00000  
02:40:59 07/21/2022 00000 00000 00000 00000 00000 00000 00000 00000 00000 00000  
02:41:59 07/21/2022 00000 00000 00000 00000 00000 00000 00000 00000 00000 00000  
02:42:59 07/21/2022 00000 00000 00000 00000 00000 00000 00000 00000 00000 00000  
02:43:59 07/21/2022 00000 00000 00000 00000 00000 00000 00000 00000 00000 00000  
02:44:59 07/21/2022 00000 00000 00000 00000 00000 00000 00000 00000 00000 00000  
02:45:59 07/21/2022 00000 00000 00000 00000 00000 00000 00000 00000 00000 00000  
02:46:59 07/21/2022 00000 00000 00000 00000 00000 00000 00000 00000 00000 00000  
02:47:59 07/21/2022 00000 00000 00000 00000 00000 00000 00000 00000 00000 00000  
02:48:59 07/21/2022 00000 00000 00000 00000 00000 00000 00000 00000 00000 00000  
02:49:59 07/21/2022 00000 00000 00000 00000 00000 00000 00000 00000 00000 00000  
02:50:59 07/21/2022 00000 00000 00000 00000 00000 00000 00000 00000 00000 00000  
02:51:59 07/21/2022 00000 00000 00000 00000 00000 00000 00000 00000 00000 00000  
02:52:59 07/21/2022 00000 00000 00000 00000 00000 00000 00000 00000 00000 00000  
02:53:59 07/21/2022 00000 00000 00000 00000 00000 00000 00000 00000 00000 00000  
02:54:59 07/21/2022 00000 00000 00000 00000 00000 00000 00000 00000 00000 00000  
02:55:59 07/21/2022 00000 00000 00000 00000 00000 00000 00000 00000 00000 00000  
02:56:59 07/21/2022 00000 00000 00000 00000 00000 00000 00000 00000 00000 00000  
02:57:59 07/21/2022 00000 00000 00000 00000 00000 00000 00000 00000 00000 00000  
02:58:59 07/21/2022 00000 00000 00000 00000 00000 00000 00000 00000 00000 00000  
02:59:59 07/21/2022 00000 00000 00000 00000 00000 00000 00000 00000 00000 00000  
03:00:59 07/21/2022 00000 00000 00000 00000 00000 00000 00000 00000 00000 00000  
03:01:59 07/21/2022 00000 00000 00000 00000 00000 00000 00000 00000 00000 00000  
03:02:59 07/21/2022 00000 00000 00000 00000 00000 00000 00000 00000 00000 00000  
03:03:59 07/21/2022 00000 00000 00000 00000 00000 00000 00000 00000 00000 00000  
03:04:59 07/21/2022 00000 00000 00000 00000 00000 00000 00000 00000 00000 00000  
03:05:59 07/21/2022 00000 00000 00000 00000 00000 00000 00000 00000 00000 00000  
03:06:59 07/21/2022 00000 00000 00000 00000 00000 00000 00000 00000 00000 00000  
03:07:59 07/21/2022 00000 00000 00000 00000 00000 00000 00000 00000 00000 00000  
03:08:59 07/21/2022 00000 00000 00000 00000 00000 00000 00000 00000 00000 00000  
03:09:59 07/21/2022 00000 00000 00000 00025 00000 00000 00000 00024 00000 00000  
03:10:59 07/21/2022 00000 00000 00000 00000 00000 00000 00000 00000 00000 00000  
03:11:59 07/21/2022 00000 00000 00000 00000 00000 00000 00000 00000 00000 00000  
03:12:59 07/21/2022 00000 00000 00000 00000 00000 00000 00000 00000 00000 00000  
03:13:59 07/21/2022 00000 00000 00000 00000 00000 00000 00000 00000 00000 00000  
03:14:59 07/21/2022 00000 00000 00000 00000 00000 00000 00000 00000 00000 00000  
03:15:59 07/21/2022 00000 00000 00000 00000 00000 00000 00000 00000 00000 00000  
03:16:59 07/21/2022 00000 00000 00000 00000 00000 00000 00000 00000 00000 00000  
03:17:59 07/21/2022 00000 00000 00000 00000 00000 00000 00000 00000 00000 00000  
03:18:59 07/21/2022 00000 00000 00000 00000 00000 00000 00000 00000 00000 00000  
03:19:59 07/21/2022 00000 00000 00000 00000 00000 00000 00000 00000 00000 00000  
03:20:59 07/21/2022 00000 00000 00000 00000 00000 00000 00000 00000 00000 00000  
03:21:59 07/21/2022 00000 00000 00000 00000 00000 00000 00000 00000 00000 00000  
03:22:59 07/21/2022 00000 00000 00000 00000 00000 00000 00000 00000 00000 00000  
03:23:59 07/21/2022 00000 00000 00000 00000 00000 00000 00000 00000 00000 00000  
03:24:59 07/21/2022 00000 00000 00000 00000 00000 00000 00000 00000 00000 00000  
03:25:59 07/21/2022 00000 00000 00000 00000 00000 00000 00000 00000 00000 00000  
03:26:59 07/21/2022 00000 00000 00000 00025 00000 00000 00000 00000 00000 00000  
03:27:59 07/21/2022 00000 00000 00000 00000 00000 00000 00000 00000 00000 00000  
03:28:59 07/21/2022 00000 00000 00000 00000 00000 00000 00000 00000 00000 00000  
03:29:59 07/21/2022 00000 00000 00000 00000 00000 00000 00000 00000 00000 00000  
03:30:59 07/21/2022 00000 00000 00000 00000 00000 00000 00000 00000 00000 00000  
03:31:59 07/21/2022 00000 00000 00000 00000 00000 00000 00000 00000 00000 00000  
03:32:59 07/21/2022 00000 00000 00000 00000 00000 00000 00000 00000 00000 00000  
03:33:59 07/21/2022 00000 00000 00000 00000 00000 00000 00000 00000 00000 00000  
03:34:59 07/21/2022 00000 00000 00000 00000 00000 00000 00000 00000 00000 00000  
03:35:59 07/21/2022 00000 00000 00000 00000 00000 00000 00000 00000 00000 00000  
03:36:59 07/21/2022 00000 00000 00000 00000 00000 00000 00000 00000 00000 00000  
03:37:59 07/21/2022 00000 00000 00000 00000 00000 00000 00000 00000 00000 00000  
03:38:59 07/21/2022 00000 00000 00000 00000 00000 00000 00000 00000 00000 00000  
03:39:59 07/21/2022 00000 00000 00000 00000 00000 00000 00000 00000 00000 00000  
03:40:59 07/21/2022 00000 00000 00000 00000 00000 00000 00000 00000 00000 00000  
03:41:59 07/21/2022 00000 00000 00000 00000 00000 00000 00000 00000 00000 00000  
03:42:59 07/21/2022 00000 00000 00000 00000 00000 00000 00000 00000 00000 00000  
03:43:59 07/21/2022 00000 00000 00000 00000 00000 00000 00000 00000 00000 00000  
03:44:59 07/21/2022 00000 00000 00000 00000 00000 00000 00000 00000 00000 00000  
03:45:59 07/21/2022 00000 00000 00000 00000 00000 00000 00000 00000 00000 00000  
03:46:59 07/21/2022 00000 00000 00000 00000 00000 00000 00000 00000 00000 00000  
03:47:59 07/21/2022 00000 00000 00000 00000 00000 00000 00000 00000 00000 00000  
03:48:59 07/21/2022 00000 00000 00000 00000 00000 00000 00000 00000 00000 00000  
03:49:59 07/21/2022 00000 00000 00000 00000 00000 00000 00000 00000 00000 00000  
03:50:59 07/21/2022 00000 00000 00000 00000 00000 00000 00000 00000 00000 00000  
03:51:59 07/21/2022 00000 00000 00000 00000 00000 00000 00000 00000 00000 00000  
03:52:59 07/21/2022 00000 00000 00000 00000 00000 00000 00000 00000 00000 00000  
03:53:59 07/21/2022 00000 00000 00000 00000 00000 00000 00000 00000 00000 00000  
03:54:59 07/21/2022 00000 00000 00000 00000 00000 00000 00000 00000 00000 00000  
03:55:59 07/21/2022 00000 00000 00000 00000 00000 00000 00000 00000 00000 00000  
03:56:59 07/21/2022 00000 00000 00000 00000 00000 00000 00000 00000 00000 00000  
03:57:59 07/21/2022 00000 00000 00000 00000 00000 00000 00000 00000 00000 00000  
03:58:59 07/21/2022 00000 00000 00000 00000 00000 00000 00000 00000 00000 00000  
03:59:59 07/21/2022 00000 00000 00000 00000 00000 00000 00000 00000 00000 00000  
04:00:59 07/21/2022 00000 00000 00000 00000 00000 00000 00000 00000 00000 00000  
04:01:59 07/21/2022 00000 00000 00000 00000 00000 00000 00000 00000 00000 00000  
04:02:59 07/21/2022 00000 00000 00000 00000 00000 00000 00000 00000 00000 00000  
04:03:59 07/21/2022 00000 00000 00000 00000 00000 00000 00000 00000 00000 00000  
04:04:59 07/21/2022 00000 00000 00000 00000 00000 00000 00000 00000 00000 00000  
04:05:59 07/21/2022 00000 00000 00000 00000 00000 00000 00000 00000 00000 00000  
04:06:59 07/21/2022 00000 00000 00000 00000 00000 00000 00000 00000 00000 00000  
04:07:59 07/21/2022 00000 00000 00000 00000 00000 00000 00000 00000 00000 00000  
04:08:59 07/21/2022 00000 00000 00000 00000 00000 00000 00000 00000 00000 00000  
04:09:59 07/21/2022 00000 00000 00000 00000 00000 00000 00000 00000 00000 00000  
04:10:59 07/21/2022 00000 00000 00000 00000 00000 00000 00000 00000 00000 00000  
04:11:59 07/21/2022 00000 00000 00000 00000 00000 00000 00000 00000 00000 00000  
04:12:59 07/21/2022 00000 00000 00000 00000 00000 00000 00000 00000 00000 00000  
04:13:59 07/21/2022 00000 00000 00000 00000 00000 00000 00000 00000 00000 00000  
04:14:59 07/21/2022 00000 00000 00000 00000 00000 00000 00000 00000 00000 00000  
04:15:59 07/21/2022 00000 00000 00000 00000 00000 00000 00000 00000 00000 00000  
04:16:59 07/21/2022 00000 00000 00000 00000 00000 00000 00000 00000 00000 00000  
04:17:59 07/21/2022 00000 00000 00000 00000 00000 00000 00000 00000 00000 00000  
04:18:59 07/21/2022 00000 00000 00000 00000 00000 00000 00000 00000 00000 00000  
04:19:59 07/21/2022 00000 00000 00000 00000 00000 00000 00000 00000 00000 00000  
04:20:59 07/21/2022 00000 00000 00000 00000 00000 00000 00000 00000 00000 00000  
04:21:59 07/21/2022 00000 00000 00000 00000 00000 00000 00000 00000 00000 00000  
04:22:59 07/21/2022 00000 00000 00000 00000 00000 00000 00000 00000 00000 00000  
04:23:59 07/21/2022 00000 00000 00000 00000 00000 00000 00000 00000 00000 00000  
04:24:59 07/21/2022 00000 00000 00000 00000 00000 00000 00000 00000 00000 00000  
04:25:59 07/21/2022 00000 00000 00000 00000 00000 00000 00000 00000 00000 00000  
04:26:59 07/21/2022 00000 00000 00000 00000 00000 00000 00000 00000 00000 00000  
04:27:59 07/21/2022 00000 00000 00000 00000 00000 00000 00000 00000 00000 00000  
04:28:59 07/21/2022 00000 00000 00000 00000 00000 00000 00000 00000 00000 00000  
04:29:59 07/21/2022 00000 00000 00000 00000 00000 00000 00000 00000 00000 00000  
04:30:59 07/21/2022 00000 00000 00000 00000 00000 00000 00000 00000 00000 00000  
04:31:59 07/21/2022 00000 00000 00000 00000 00000 00000 00000 00000 00000 00000  
04:32:59 07/21/2022 00000 00000 00000 00000 00000 00000 00000 00000 00000 00000  
04:33:59 07/21/2022 00000 00000 00000 00000 00000 00000 00000 00000 00000 00000  
04:34:59 07/21/2022 00000 00000 00000 00000 00000 00000 00000 00000 00000 00000  
04:35:59 07/21/2022 00000 00000 00000 00000 00000 00000 00000 00000 00000 00000  
04:36:59 07/21/2022 00000 00000 00000 00000 00000 00000 00000 00000 00000 00000  
04:37:59 07/21/2022 00000 00000 00000 00000 00000 00000 00000 00000 00000 00000  
04:38:59 07/21/2022 00000 00000 00000 00000 00000 00000 00000 00000 00000 00000  
04:39:59 07/21/2022 00000 00000 00000 00000 00000 00000 00000 00000 00000 00000  
04:40:59 07/21/2022 00000 00000 00000 00000 00000 00000 00000 00000 00000 00000  
04:41:59 07/21/2022 00000 00000 00000 00000 00000 00000 00000 00000 00000 00000  
04:42:59 07/21/2022 00000 00000 00000 00000 00000 00000 00000 00000 00000 00000  
04:43:59 07/21/2022 00000 00000 00000 00000 00000 00000 00000 00000 00000 00000  
04:44:59 07/21/2022 00000 00000 00000 00000 00000 00000 00000 00000 00000 00000  
04:45:59 07/21/2022 00000 00000 00000 00000 00000 00000 00000 00000 00000 00000  
04:46:59 07/21/2022 00000 00000 00000 00000 00000 00000 00000 00000 00000 00000  
04:47:59 07/21/2022 00000 00000 00000 00000 00000 00000 00000 00000 00000 00000  
04:48:59 07/21/2022 00000 00000 00000 00000 00000 00000 00000 00000 00000 00000  
04:49:59 07/21/2022 00000 00000 00000 00000 00000 00000 00000 00000 00000 00000  
04:50:59 07/21/2022 00000 00000 00000 00000 00000 00000 00000 00000 00000 00000  
04:51:59 07/21/2022 00000 00000 00000 00000 00000 00000 00000 00000 00000 00000  
04:52:59 07/21/2022 00000 00000 00000 00000 00000 00000 00000 00000 00000 00000  
04:53:59 07/21/2022 00000 00000 00000 00000 00000 00000 00000 00000 00000 00000  
04:54:59 07/21/2022 00000 00000 00000 00000 00000 00000 00000 00000 00000 00000  
04:55:59 07/21/2022 00000 00000 00000 00000 00000 00000 00000 00000 00000 00000  
04:56:59 07/21/2022 00000 00000 00000 00000 00000 00000 00000 00000 00000 00000  
04:57:59 07/21/2022 00000 00000 00000 00000 00000 00000 00000 00000 00000 00000  
04:58:59 07/21/2022 00000 00000 00000 00000 00000 00000 00000 00000 00000 00000  
04:59:59 07/21/2022 00000 00000 00000 00000 00000 00000 00000 00000 00000 00000  
05:00:59 07/21/2022 00000 00000 00000 00000 00000 00000 00000 00000 00000 00000  
05:01:59 07/21/2022 00000 00000 00000 00000 00000 00000 00000 00000 00000 00000  
05:02:59 07/21/2022 00000 00000 00000 00000 00000 00000 00000 00000 00000 00000  
05:03:59 07/21/2022 00000 00000 00000 00000 00000 00000 00000 00000 00000 00000  
05:04:59 07/21/2022 00000 00000 00000 00000 00000 00000 00000 00000 00000 00000  
05:05:59 07/21/2022 00000 00000 00000 00000 00000 00000 00000 00000 00000 00000  
05:06:59 07/21/2022 00000 00000 00000 00000 00000 00000 00000 00000 00000 00000  
05:07:59 07/21/2022 00000 00000 00000 00000 00000 00000 00000 00000 00000 00000  
05:08:59 07/21/2022 00000 00000 00000 00000 00000 00000 00000 00000 00000 00000  
05:09:59 07/21/2022 00000 00000 00000 00000 00000 00000 00000 00000 00000 00000  
05:10:59 07/21/2022 00000 00000 00000 00000 00000 00000 00000 00000 00000 00000  
05:11:59 07/21/2022 00000 00000 00000 00000 00000 00000 00000 00000 00000 00000  
05:12:59 07/21/2022 00000 00000 00000 00000 00000 00000 00000 00000 00000 00000  
05:13:59 07/21/2022 00000 00000 00000 00000 00000 00000 00000 00000 00000 00000  
05:14:59 07/21/2022 00000 00000 00000 00000 00000 00000 00000 00000 00000 00000  
05:15:59 07/21/2022 00000 00000 00000 00000 00000 00000 00000 00000 00000 00000  
05:16:59 07/21/2022 00000 00000 00000 00000 00000 00000 00000 00000 00000 00000  
05:17:59 07/21/2022 00000 00000 00000 00000 00000 00000 00000 00000 00000 00000  
05:18:59 07/21/2022 00000 00000 00000 00000 00000 00000 00000 00000 00000 00000  
05:19:59 07/21/2022 00000 00000 00000 00000 00000 00000 00000 00000 00000 00000  
05:20:59 07/21/2022 00000 00000 00000 00000 00000 00000 00000 00000 00000 00000  
05:21:59 07/21/2022 00000 00000 00000 00000 00000 00000 00000 00000 00000 00000  
05:22:59 07/21/2022 00000 00000 00000 00000 00000 00000 00000 00000 00000 00000  
05:23:59 07/21/2022 00000 00000 00000 00000 00000 00000 00000 00000 00000 00000  
05:24:59 07/21/2022 00000 00000 00000 00000 00000 00000 00000 00000 00000 00000  
05:25:59 07/21/2022 00000 00000 00000 00000 00000 00000 00000 00000 00000 00000  
05:26:59 07/21/2022 00000 00000 00000 00000 00000 00000 00000 00000 00000 00000  
05:27:59 07/21/2022 00000 00000 00000 00000 00000 00000 00000 00000 00000 00000  
05:28:59 07/21/2022 00000 00000 00000 00000 00000 00000 00000 00000 00000 00000  
05:29:59 07/21/2022 00000 00000 00000 00000 00000 00000 00000 00000 00000 00000  
05:30:59 07/21/2022 00000 00000 00000 00000 00000 00000 00000 00000 00000 00000  
05:31:59 07/21/2022 00000 00000 00000 00000 00000 00000 00000 00000 00000 00000  
05:32:59 07/21/2022 00000 00000 00000 00000 00000 00000 00000 00000 00000 00000  
05:33:59 07/21/2022 00000 00000 00000 00000 00000 00000 00000 00000 00000 00000  
05:34:59 07/21/2022 00000 00000 00000 00000 00000 00000 00000 00000 00000 00000  
05:35:59 07/21/2022 00000 00000 00000 00000 00000 00000 00000 00000 00000 00000  
05:36:59 07/21/2022 00000 00000 00000 00000 00000 00000 00000 00000 00000 00000  
05:37:59 07/21/2022 00000 00000 00000 00000 00000 00000 00000 00000 00000 00000  
05:38:59 07/21/2022 00000 00000 00000 00000 00000 00000 00000 00000 00000 00000  
05:39:59 07/21/2022 00000 00000 00000 00000 00000 00000 00000 00000 00000 00000  
05:40:59 07/21/2022 00000 00000 00000 00000 00000 00000 00000 00000 00000 00000  
05:41:59 07/21/2022 00000 00000 00000 00000 00000 00000 00000 00000 00000 00000  
05:42:59 07/21/2022 00000 00000 00000 00000 00000 00000 00000 00000 00000 00000  
05:43:59 07/21/2022 00000 00000 00000 00000 00000 00000 00000 00000 00000 00000  
05:44:59 07/21/2022 00000 00000 00000 00000 00000 00000 00000 00000 00000 00000  
05:45:59 07/21/2022 00000 00000 00000 00000 00000 00000 00000 00000 00000 00000  
05:46:59 07/21/2022 00000 00000 00000 00000 00000 00000 00000 00000 00000 00000  
05:47:59 07/21/2022 00000 00000 00000 00000 00000 00000 00000 00000 00000 00000  
05:48:59 07/21/2022 00000 00000 00000 00000 00000 00000 00000 00000 00000 00000  
05:49:59 07/21/2022 00000 00000 00000 00000 00000 00000 00000 00000 00000 00000  
05:50:59 07/21/2022 00000 00000 00000 00000 00000 00000 00000 00000 00000 00000  
05:51:59 07/21/2022 00000 00000 00000 00000 00000 00000 00000 00000 00000 00000  
05:52:59 07/21/2022 00000 00000 00000 00000 00000 00000 00000 00000 00000 00000  
05:53:59 07/21/2022 00000 00000 00000 00000 00000 00000 00000 00000 00000 00000  
05:54:59 07/21/2022 00000 00000 00000 00000 00000 00000 00000 00000 00000 00000  
05:55:59 07/21/2022 00000 00000 00000 00000 00000 00000 00000 00000 00000 00000  
05:56:59 07/21/2022 00000 00000 00000 00000 00000 00000 00000 00000 00000 00000  
05:57:59 07/21/2022 00000 00000 00000 00000 00000 00000 00000 00000 00000 00000  
05:58:59 07/21/2022 00000 00000 00000 00000 00000 00000 00000 00000 00000 00000  
05:59:59 07/21/2022 00000 00000 00000 00000 00000 00000 00000 00000 00000 00000  
06:00:59 07/21/2022 00000 00000 00000 00000 00000 00000 00000 00000 00000 00000  
06:01:59 07/21/2022 00000 00000 00000 00000 00000 00000 00000 00000 00000 00000  
06:02:59 07/21/2022 00000 00000 00000 00000 00000 00000 00000 00000 00000 00000  
06:03:59 07/21/2022 00000 00000 00000 00000 00000 00000 00000 00000 00000 00000  
06:04:59 07/21/2022 00000 00000 00000 00000 00000 00000 00000 00000 00000 00000  
06:05:59 07/21/2022 00000 00000 00000 00000 00000 00000 00000 00000 00000 00000  
06:06:59 07/21/2022 00000 00000 00000 00000 00000 00000 00000 00000 00000 00000  
06:07:59 07/21/2022 00000 00000 00000 00000 00000 00000 00000 00000 00000 00000  
06:08:59 07/21/2022 00000 00000 00000 00000 00000 00000 00000 00000 00000 00000  
06:09:59 07/21/2022 00000 00000 00000 00000 00000 00000 00000 00000 00000 00000  
06:10:59 07/21/2022 00000 00000 00000 00000 00000 00000 00000 00000 00000 00000  
06:11:59 07/21/2022 00000 00000 00000 00000 00000 00000 00000 00000 00000 00000  
06:12:59 07/21/2022 00000 00000 00000 00000 00000 00000 00000 00000 00000 00000  
06:13:59 07/21/2022 00000 00000 00000 00025 00000 00000 00000 00000 00000 00000  
06:14:59 07/21/2022 00000 00000 00000 00000 00000 00000 00000 00000 00000 00000  
06:15:59 07/21/2022 00000 00000 00000 00000 00000 00000 00000 00000 00000 00000  
06:16:59 07/21/2022 00000 00000 00000 00000 00000 00000 00000 00000 00000 00000  
06:17:59 07/21/2022 00000 00000 00000 00000 00000 00000 00000 00000 00000 00000  
06:18:59 07/21/2022 00000 00000 00000 00000 00000 00000 00000 00000 00000 00000  
06:19:59 07/21/2022 00000 00000 00000 00000 00000 00000 00000 00000 00000 00000  
06:20:59 07/21/2022 00000 00000 00000 00000 00000 00000 00000 00000 00000 00000  
06:21:59 07/21/2022 00000 00000 00000 00000 00000 00000 00000 00000 00000 00000  
06:22:59 07/21/2022 00000 00000 00000 00000 00000 00000 00000 00000 00000 00000  
06:23:59 07/21/2022 00000 00000 00000 00000 00000 00000 00000 00000 00000 00000  
06:24:59 07/21/2022 00000 00000 00000 00000 00000 00000 00000 00000 00000 00000  
06:25:59 07/21/2022 00000 00000 00000 00025 00000 00000 00000 00000 00000 00000  
06:26:59 07/21/2022 00000 00000 00000 00024 00000 00000 00000 00000 00000 00000  
06:27:59 07/21/2022 00000 00000 00000 00000 00000 00000 00000 00000 00000 00000  
06:28:59 07/21/2022 00000 00000 00000 00000 00000 00000 00000 00000 00000 00000  
06:29:59 07/21/2022 00000 00000 00000 00000 00000 00000 00000 00000 00000 00000  
06:30:59 07/21/2022 00000 00000 00000 00000 00000 00000 00000 00000 00000 00000  
06:31:59 07/21/2022 00000 00000 00000 00000 00000 00000 00000 00000 00000 00000  
06:32:59 07/21/2022 00000 00000 00000 00000 00000 00000 00000 00000 00000 00000  
06:33:59 07/21/2022 00000 00000 00000 00000 00000 00000 00000 00000 00000 00000  
06:34:59 07/21/2022 00000 00000 00000 00000 00000 00000 00000 00000 00000 00000  
06:35:59 07/21/2022 00000 00000 00000 00000 00000 00000 00000 00000 00000 00000  
06:36:59 07/21/2022 00000 00000 00000 00000 00000 00000 00000 00000 00000 00000  
06:37:59 07/21/2022 00000 00000 00000 00000 00000 00000 00000 00000 00000 00000  
06:38:59 07/21/2022 00000 00000 00000 00000 00000 00000 00000 00000 00000 00000  
06:39:59 07/21/2022 00000 00000 00000 00000 00000 00000 00000 00000 00000 00000  
06:40:59 07/21/2022 00000 00000 00000 00000 00000 00000 00000 00000 00000 00000  
06:41:59 07/21/2022 00000 00000 00000 00000 00000 00000 00000 00000 00000 00000  
06:42:59 07/21/2022 00000 00000 00000 00000 00000 00000 00000 00000 00000 00000  
06:43:59 07/21/2022 00000 00000 00000 00000 00000 00000 00000 00000 00000 00000  
06:44:59 07/21/2022 00000 00000 00000 00000 00000 00000 00000 00000 00000 00000  
06:45:59 07/21/2022 00000 00000 00000 00000 00000 00000 00000 00000 00000 00000  
06:46:59 07/21/2022 00000 00000 00000 00000 00000 00000 00000 00000 00000 00000  
06:47:59 07/21/2022 00000 00000 00000 00000 00000 00000 00000 00000 00000 00000  
06:48:59 07/21/2022 00000 00000 00000 00000 00000 00000 00000 00000 00000 00000  
06:49:59 07/21/2022 00000 00000 00000 00000 00000 00000 00000 00000 00000 00000  
06:50:59 07/21/2022 00000 00000 00000 00000 00000 00000 00000 00000 00000 00000  
06:51:59 07/21/2022 00000 00000 00000 00000 00000 00000 00000 00000 00000 00000  
06:52:59 07/21/2022 00000 00000 00000 00000 00000 00000 00000 00000 00000 00000  
06:53:59 07/21/2022 00000 00000 00000 00049 00000 00000 00000 00000 00000 00000  
06:54:59 07/21/2022 00000 00000 00000 00000 00000 00000 00000 00000 00000 00000  
06:55:59 07/21/2022 00000 00000 00000 00000 00000 00000 00000 00000 00000 00000  
06:56:59 07/21/2022 00000 00000 00000 00000 00000 00000 00000 00000 00000 00000  
06:57:59 07/21/2022 00000 00000 00000 00000 00000 00000 00000 00000 00000 00000  
06:58:59 07/21/2022 00000 00000 00000 00000 00000 00000 00000 00000 00000 00000  
06:59:59 07/21/2022 00000 00000 00000 00000 00000 00000 00000 00000 00000 00000  
07:00:59 07/21/2022 00001 00000 00001 00000 00001 00000 00001 00000 00001 00000  
07:01:59 07/21/2022 00001 00000 00001 00025 00001 00000 00001 00000 00001 00000  
07:02:59 07/21/2022 00001 00000 00001 00000 00001 00000 00001 00000 00001 00000  
07:03:59 07/21/2022 00001 00000 00001 00000 00001 00000 00001 00000 00001 00000  
07:04:59 07/21/2022 00001 00000 00001 00000 00001 00000 00001 00000 00001 00000  
07:05:59 07/21/2022 00001 00000 00001 00000 00001 00000 00001 00000 00001 00000  
07:06:59 07/21/2022 00001 00000 00001 00000 00001 00000 00001 00000 00001 00000  
07:07:59 07/21/2022 00001 00000 00001 00000 00001 00000 00001 00000 00001 00000  
07:08:59 07/21/2022 00001 00000 00001 00000 00001 00000 00001 00000 00001 00000  
07:09:59 07/21/2022 00001 00000 00001 00000 00001 00000 00001 00000 00001 00000  
07:10:59 07/21/2022 00001 00000 00001 00000 00001 00000 00001 00000 00001 00000  
07:11:59 07/21/2022 00001 00000 00001 00000 00001 00000 00001 00000 00001 00000  
07:12:59 07/21/2022 00001 00000 00001 00000 00001 00000 00001 00000 00001 00000  
07:13:59 07/21/2022 00001 00000 00001 00000 00001 00000 00001 00000 00001 00000  
07:14:59 07/21/2022 00001 00000 00001 00000 00001 00000 00001 00000 00001 00000  
07:15:59 07/21/2022 00001 00000 00001 00000 00001 00000 00001 00000 00001 00000  
07:16:59 07/21/2022 00001 00000 00001 00000 00001 00000 00001 00000 00001 00000  
07:17:59 07/21/2022 00001 00000 00001 00000 00001 00000 00001 00000 00001 00000  
07:18:59 07/21/2022 00001 00000 00001 00000 00001 00000 00001 00000 00001 00000  
07:19:59 07/21/2022 00001 00000 00001 00000 00001 00000 00001 00000 00001 00000  
07:20:59 07/21/2022 00001 00000 00001 00000 00001 00000 00001 00000 00001 00000  
07:21:59 07/21/2022 00001 00000 00001 00000 00001 00000 00001 00000 00001 00000  
07:22:59 07/21/2022 00001 00000 00001 00000 00001 00000 00001 00000 00001 00000  
07:23:59 07/21/2022 00001 00000 00001 00000 00001 00000 00001 00000 00001 00000  
07:24:59 07/21/2022 00001 00000 00001 00000 00001 00000 00001 00000 00001 00000  
07:25:59 07/21/2022 00001 00000 00001 00000 00001 00000 00001 00000 00001 00000  
07:26:59 07/21/2022 00001 00000 00001 00000 00001 00000 00001 00000 00001 00000  
07:27:59 07/21/2022 00001 00000 00001 00000 00001 00000 00001 00000 00001 00000  
07:28:59 07/21/2022 00001 00000 00001 00000 00001 00000 00001 00000 00001 00000  
07:29:59 07/21/2022 00001 00000 00001 00000 00001 00000 00001 00000 00001 00000  
07:30:59 07/21/2022 00001 00000 00001 00000 00001 00000 00001 00000 00001 00000  
07:31:59 07/21/2022 00001 00000 00001 00000 00001 00000 00001 00000 00001 00000  
07:32:59 07/21/2022 00001 00000 00001 00000 00001 00000 00001 00000 00001 00000  
07:33:59 07/21/2022 00001 00000 00001 00000 00001 00000 00001 00000 00001 00000  
07:34:59 07/21/2022 00001 00000 00001 00000 00001 00000 00001 00000 00001 00000  
07:35:59 07/21/2022 00001 00000 00001 00000 00001 00000 00001 00000 00001 00000  
07:36:59 07/21/2022 00001 00000 00001 00000 00001 00000 00001 00000 00001 00000  
07:37:59 07/21/2022 00001 00000 00001 00000 00001 00000 00001 00000 00001 00000  
07:38:59 07/21/2022 00001 00000 00001 00000 00001 00000 00001 00000 00001 00000  
07:39:59 07/21/2022 00001 00000 00001 00000 00001 00000 00001 00000 00001 00000  
07:40:59 07/21/2022 00001 00000 00001 00000 00001 00000 00001 00000 00001 00000  
07:41:59 07/21/2022 00001 00000 00001 00000 00001 00000 00001 00000 00001 00000  
07:42:59 07/21/2022 00001 00000 00001 00057 00001 00000 00001 00057 00001 00000  
07:43:59 07/21/2022 00001 00000 00001 00130 00001 00000 00001 00129 00001 00000  
07:44:59 07/21/2022 00001 00000 00001 00000 00001 00000 00001 00000 00001 00000  
07:45:59 07/21/2022 00001 00000 00001 00000 00001 00000 00001 00000 00001 00000  
07:46:59 07/21/2022 00001 00000 00001 00025 00001 00000 00001 00025 00001 00000  
07:47:59 07/21/2022 00001 00000 00001 00098 00001 00000 00001 00097 00001 00000  
07:48:59 07/21/2022 00001 00000 00001 00025 00001 00000 00001 00025 00001 00000  
07:49:59 07/21/2022 00001 00000 00001 00100 00001 00000 00001 00098 00001 00000  
07:50:59 07/21/2022 00001 00000 00001 00024 00001 00000 00001 00024 00001 00000  
07:51:59 07/21/2022 00001 00000 00001 00074 00001 00000 00001 00074 00001 00000  
07:52:59 07/21/2022 00001 00000 00001 00049 00001 00000 00001 00049 00001 00000  
07:53:59 07/21/2022 00001 00000 00001 00073 00001 00000 00001 00072 00001 00000  
07:54:59 07/21/2022 00001 00000 00001 00097 00001 00000 00001 00073 00001 00000  
07:55:59 07/21/2022 00001 00000 00001 00122 00001 00000 00001 00121 00001 00000  
07:56:59 07/21/2022 00001 00000 00001 00098 00001 00000 00001 00098 00001 00000  
07:57:59 07/21/2022 00001 00000 00001 00148 00001 00000 00001 00146 00001 00000  
07:58:59 07/21/2022 00001 00000 00001 00131 00001 00000 00001 00130 00001 00000  
07:59:59 07/21/2022 00001 00000 00001 00082 00001 00000 00001 00081 00001 00000  
08:00:59 07/21/2022 00001 00000 00001 00024 00001 00000 00001 00000 00001 00000  
08:01:59 07/21/2022 00001 00000 00001 00100 00001 00000 00001 00098 00001 00000  
08:02:59 07/21/2022 00001 00000 00001 00024 00001 00000 00001 00024 00001 00000  
08:03:59 07/21/2022 00001 00000 00001 00025 00001 00000 00001 00050 00001 00000  
08:04:59 07/21/2022 00001 00000 00001 00074 00001 00000 00001 00074 00001 00000  
08:05:59 07/21/2022 00001 00000 00001 00149 00001 00000 00001 00124 00001 00000  
08:06:59 07/21/2022 00001 00000 00001 00049 00001 00000 00001 00049 00001 00000  
08:07:59 07/21/2022 00001 00000 00001 00049 00001 00000 00001 00048 00001 00000  
08:08:59 07/21/2022 00001 00000 00001 00000 00001 00000 00001 00000 00001 00000  
08:09:59 07/21/2022 00001 00000 00001 00000 00001 00000 00001 00000 00001 00000  
08:10:59 07/21/2022 00001 00000 00001 00000 00001 00000 00001 00000 00001 00000  
08:11:59 07/21/2022 00001 00000 00001 00000 00001 00000 00001 00000 00001 00000  
08:12:59 07/21/2022 00001 00000 00001 00000 00001 00000 00001 00000 00001 00000  
08:13:59 07/21/2022 00001 00000 00001 00074 00001 00000 00001 00074 00001 00000  
08:14:59 07/21/2022 00001 00000 00001 00149 00001 00000 00001 00149 00001 00000  
08:15:59 07/21/2022 00001 00000 00001 00075 00001 00000 00001 00072 00001 00000  
08:16:59 07/21/2022 00001 00000 00001 00291 00001 00000 00001 00268 00001 00000  
08:17:59 07/21/2022 00001 00000 00001 00024 00001 00000 00001 00024 00001 00000  
08:18:59 07/21/2022 00001 00000 00001 00162 00001 00000 00001 00163 00001 00000  
08:19:59 07/21/2022 00001 00000 00001 00198 00001 00000 00001 00197 00001 00000  
08:20:59 07/21/2022 00001 00000 00001 00000 00001 00000 00001 00000 00001 00000  
08:21:59 07/21/2022 00001 00000 00001 00000 00001 00000 00001 00000 00001 00000  
08:22:59 07/21/2022 00001 00000 00001 00024 00001 00000 00001 00024 00001 00000  
08:23:59 07/21/2022 00001 00000 00001 00000 00001 00000 00001 00000 00001 00000  
08:24:59 07/21/2022 00001 00000 00001 00000 00001 00000 00001 00000 00001 00000  
08:25:59 07/21/2022 00001 00000 00001 00000 00001 00000 00001 00003 00001 00000  
08:26:59 07/21/2022 00001 00000 00001 00000 00001 00000 00001 00012 00001 00000  
08:27:59 07/21/2022 00001 00000 00001 00074 00001 00024 00001 00074 00001 00000  
08:28:59 07/21/2022 00001 00000 00001 00114 00001 00000 00001 00114 00001 00000  
08:29:59 07/21/2022 00001 00000 00001 00000 00001 00000 00001 00000 00001 00000  
08:30:59 07/21/2022 00001 00000 00001 00000 00001 00000 00001 00000 00001 00000  
08:31:59 07/21/2022 00001 00000 00001 00000 00001 00000 00001 00000 00001 00000  
08:32:59 07/21/2022 00001 00000 00001 00183 00001 00000 00001 00159 00001 00000  
08:33:59 07/21/2022 00001 00000 00001 00201 00001 00048 00001 00197 00001 00000  
08:34:59 07/21/2022 00001 00000 00001 00000 00001 00000 00001 00000 00001 00000  
08:35:59 07/21/2022 00001 00000 00001 00000 00001 00000 00001 00000 00001 00000  
08:36:59 07/21/2022 00001 00000 00001 00049 00001 00000 00001 00073 00001 00000  
08:37:59 07/21/2022 00001 00000 00001 00100 00001 00000 00001 00074 00001 00000  
08:38:59 07/21/2022 00001 00000 00001 00148 00001 00000 00001 00148 00001 00000  
08:39:59 07/21/2022 00001 00000 00001 00073 00001 00000 00001 00074 00001 00000  
08:40:59 07/21/2022 00001 00000 00001 00024 00001 00000 00001 00024 00001 00000  
08:41:59 07/21/2022 00001 00000 00001 00000 00001 00000 00001 00000 00001 00000  
08:42:59 07/21/2022 00001 00000 00001 00067 00001 00000 00001 00066 00001 00000  
08:43:59 07/21/2022 00001 00000 00001 00270 00001 00000 00001 00272 00001 00000  
08:44:59 07/21/2022 00001 00000 00001 00000 00001 00000 00001 00000 00001 00000  
08:45:59 07/21/2022 00001 00000 00001 00024 00001 00000 00001 00024 00001 00000  
08:46:59 07/21/2022 00001 00000 00001 00000 00001 00000 00001 00000 00001 00000  
08:47:59 07/21/2022 00001 00000 00001 00000 00001 00000 00001 00000 00001 00000  
08:48:59 07/21/2022 00001 00000 00001 00001 00001 00000 00001 00000 00001 00000  
08:49:59 07/21/2022 00001 00000 00001 00014 00001 00000 00001 00040 00001 00000  
08:50:59 07/21/2022 00001 00000 00001 00049 00001 00000 00001 00049 00001 00000  
08:51:59 07/21/2022 00001 00000 00001 00096 00001 00000 00001 00048 00001 00000  
08:52:59 07/21/2022 00001 00000 00001 00000 00001 00000 00001 00000 00001 00000  
08:53:59 07/21/2022 00001 00000 00001 00025 00001 00000 00001 00025 00001 00000  
08:54:59 07/21/2022 00001 00000 00001 00000 00001 00000 00001 00000 00001 00000  
08:55:59 07/21/2022 00001 00000 00001 00025 00001 00000 00001 00025 00001 00000  
08:56:59 07/21/2022 00001 00000 00001 00025 00001 00000 00001 00025 00001 00000  
08:57:59 07/21/2022 00001 00000 00001 00000 00001 00000 00001 00000 00001 00000  
08:58:59 07/21/2022 00001 00000 00001 00000 00001 00000 00001 00000 00001 00000  
08:59:59 07/21/2022 00001 00000 00001 00000 00001 00000 00001 00000 00001 00000  
09:00:59 07/21/2022 00001 00000 00001 00025 00001 00000 00001 00024 00001 00000  
09:01:59 07/21/2022 00001 00000 00001 00074 00001 00000 00001 00025 00001 00000  
09:02:59 07/21/2022 00001 00000 00001 00075 00001 00000 00001 00124 00001 00000  
09:03:59 07/21/2022 00001 00000 00001 00043 00001 00000 00001 00042 00001 00000  
09:04:59 07/21/2022 00001 00000 00001 00025 00001 00000 00001 00024 00001 00000  
09:05:59 07/21/2022 00001 00000 00001 00025 00001 00000 00001 00025 00001 00000  
09:06:59 07/21/2022 00001 00000 00001 00049 00001 00000 00001 00050 00001 00000  
09:07:59 07/21/2022 00001 00000 00001 00044 00001 00000 00001 00039 00001 00000  
09:08:59 07/21/2022 00001 00000 00001 00049 00001 00000 00001 00049 00001 00000  
09:09:59 07/21/2022 00001 00000 00001 00000 00001 00000 00001 00000 00001 00000  
09:10:59 07/21/2022 00001 00000 00001 00049 00001 00021 00001 00074 00001 00000  
09:11:59 07/21/2022 00001 00000 00001 00125 00001 00000 00001 00125 00001 00000  
09:12:59 07/21/2022 00001 00000 00001 00097 00001 00024 00001 00074 00001 00000  
09:13:59 07/21/2022 00001 00000 00001 00221 00001 00000 00001 00241 00001 00000  
09:14:59 07/21/2022 00001 00000 00001 00164 00001 00000 00001 00145 00001 00000  
09:15:59 07/21/2022 00001 00000 00001 00048 00001 00000 00001 00050 00001 00000  
09:16:59 07/21/2022 00001 00000 00001 00073 00001 00000 00001 00049 00001 00000  
09:17:59 07/21/2022 00001 00000 00001 00222 00001 00024 00001 00221 00001 00000  
09:18:59 07/21/2022 00001 00000 00001 00170 00001 00000 00001 00196 00001 00000  
09:19:59 07/21/2022 00001 00000 00001 00147 00001 00000 00001 00147 00001 00000  
09:20:59 07/21/2022 00001 00000 00001 00122 00001 00000 00001 00097 00001 00000  
09:21:59 07/21/2022 00001 00000 00001 00071 00001 00000 00001 00069 00001 00000  
09:22:59 07/21/2022 00001 00000 00001 00000 00001 00000 00001 00000 00001 00000  
09:23:59 07/21/2022 00001 00000 00001 00025 00001 00000 00001 00025 00001 00000  
09:24:59 07/21/2022 00001 00000 00001 00025 00001 00000 00001 00025 00001 00000  
09:25:59 07/21/2022 00001 00000 00001 00049 00001 00024 00001 00025 00001 00000  
09:26:59 07/21/2022 00001 00000 00001 00000 00001 00000 00001 00000 00001 00000  
09:27:59 07/21/2022 00001 00000 00001 00024 00001 00000 00001 00025 00001 00000  
09:28:59 07/21/2022 00001 00000 00001 00049 00001 00072 00001 00194 00001 00048  
09:29:59 07/21/2022 00001 00000 00001 00050 00001 00000 00001 00099 00001 00000  
09:30:59 07/21/2022 00001 00000 00001 00000 00001 00000 00001 00000 00001 00000  
09:31:59 07/21/2022 00001 00000 00001 00024 00001 00000 00001 00024 00001 00000  
09:32:59 07/21/2022 00001 00000 00001 00000 00001 00000 00001 00000 00001 00000  
09:33:59 07/21/2022 00001 00000 00001 00074 00001 00000 00001 00073 00001 00000  
09:34:59 07/21/2022 00001 00000 00001 00122 00001 00000 00001 00173 00001 00000  
09:35:59 07/21/2022 00001 00000 00001 00121 00001 00000 00001 00145 00001 00000  
