COM6
2019-03-02 05:34:03
070020190302
000000000000
0700070012121212
0700070011111111111111111111111111111111
121212120700070011111111
12121212
000000000000
000000000000
000000000000
000000000000
000000000000
00000000
0700070012121212
07000700
1212121207000700
12121212
0700070012121212
07000700
1212121207000700
12121212
0700070012121212
07000700
1212121207000700
12121212
0700070012121212
07000700
1212121207000700
12121212
0700070012121212
07000700
1212121207000700
12121212
0700070012121212
07000700
12121212
0214020202020202020202020202140101010101
2424252627282930313233343536242424242424
HH:MM:SS MO/DY/YEAR DAY Internal LED01 PIR11 PIR12 BRK11 BRK12 LED02 PIR21 PIR22 BRK21 BRK22
05:35:00 03/02/2019 001 05:35:00 00000 00901 00000 -26769 -28938 00000 00000 00000 -25913 -23882  
